E step/V	I delta/uA	
3.9951798E-001	0.0000000E+000
3.9951798E-001	6.2016636E+003
4.0020514E-001	0.0000000E+000
4.0020514E-001	6.2101270E+003
4.0070140E-001	0.0000000E+000
4.0070140E-001	6.2082441E+003
4.0102589E-001	0.0000000E+000
4.0102589E-001	6.2060151E+003
4.0152216E-001	0.0000000E+000
4.0152216E-001	6.2051899E+003
4.0199935E-001	0.0000000E+000
4.0199935E-001	6.2047490E+003
4.0253380E-001	0.0000000E+000
4.0253380E-001	6.2030298E+003
4.0324003E-001	0.0000000E+000
4.0324003E-001	6.2049570E+003
4.0365994E-001	0.0000000E+000
4.0365994E-001	6.2043086E+003
4.0411803E-001	0.0000000E+000
4.0411803E-001	6.2045039E+003
4.0467158E-001	0.0000000E+000
4.0467158E-001	6.2050576E+003
4.0514874E-001	0.0000000E+000
4.0514874E-001	6.2047554E+003
4.0564501E-001	0.0000000E+000
4.0564501E-001	6.2045664E+003
4.0608403E-001	0.0000000E+000
4.0608403E-001	6.2055552E+003
4.0667573E-001	0.0000000E+000
4.0667573E-001	6.2075513E+003
4.0711474E-001	0.0000000E+000
4.0711474E-001	6.2075073E+003
4.0761101E-001	0.0000000E+000
4.0761101E-001	6.2110967E+003
4.0805003E-001	0.0000000E+000
4.0805003E-001	6.2103726E+003
4.0867990E-001	0.0000000E+000
4.0867990E-001	6.2117578E+003
4.0906164E-001	0.0000000E+000
4.0906164E-001	6.2096606E+003
4.0961519E-001	0.0000000E+000
4.0961519E-001	6.2114810E+003
4.1016871E-001	0.0000000E+000
4.1016871E-001	6.2127026E+003
4.1055048E-001	0.0000000E+000
4.1055048E-001	6.2139810E+003
4.1119942E-001	0.0000000E+000
4.1119942E-001	6.2143901E+003
4.1160026E-001	0.0000000E+000
4.1160026E-001	6.2163301E+003
4.1217288E-001	0.0000000E+000
4.1217288E-001	6.2171484E+003
4.1257372E-001	0.0000000E+000
4.1257372E-001	6.2168901E+003
4.1310817E-001	0.0000000E+000
4.1310817E-001	6.2186978E+003
4.1356626E-001	0.0000000E+000
4.1356626E-001	6.2180488E+003
4.1406253E-001	0.0000000E+000
4.1406253E-001	6.2192642E+003
4.1463515E-001	0.0000000E+000
4.1463515E-001	6.2218149E+003
4.1511235E-001	0.0000000E+000
4.1511235E-001	6.2213804E+003
4.1560861E-001	0.0000000E+000
4.1560861E-001	6.2243213E+003
4.1606671E-001	0.0000000E+000
4.1606671E-001	6.2270293E+003
4.1648662E-001	0.0000000E+000
4.1648662E-001	6.2281372E+003
4.1709742E-001	0.0000000E+000
4.1709742E-001	6.2290762E+003
4.1768911E-001	0.0000000E+000
4.1768911E-001	6.2309902E+003
4.1816631E-001	0.0000000E+000
4.1816631E-001	6.2331250E+003
4.1866258E-001	0.0000000E+000
4.1866258E-001	6.2361855E+003
4.1915885E-001	0.0000000E+000
4.1915885E-001	6.2365195E+003
4.1965511E-001	0.0000000E+000
4.1965511E-001	6.2383330E+003
4.2024684E-001	0.0000000E+000
4.2024684E-001	6.2410029E+003
4.2059040E-001	0.0000000E+000
4.2059040E-001	6.2443911E+003
4.2114392E-001	0.0000000E+000
4.2114392E-001	6.2452285E+003
4.2158294E-001	0.0000000E+000
4.2158294E-001	6.2468281E+003
4.2221281E-001	0.0000000E+000
4.2221281E-001	6.2503359E+003
4.2265183E-001	0.0000000E+000
4.2265183E-001	6.2500522E+003
4.2310992E-001	0.0000000E+000
4.2310992E-001	6.2523760E+003
4.2372072E-001	0.0000000E+000
4.2372072E-001	6.2555059E+003
4.2415974E-001	0.0000000E+000
4.2415974E-001	6.2563999E+003
4.2463690E-001	0.0000000E+000
4.2463690E-001	6.2606694E+003
4.2524770E-001	0.0000000E+000
4.2524770E-001	6.2618345E+003
4.2568672E-001	0.0000000E+000
4.2568672E-001	6.2641016E+003
4.2614481E-001	0.0000000E+000
4.2614481E-001	6.2669292E+003
4.2660290E-001	0.0000000E+000
4.2660290E-001	6.2699893E+003
4.2713735E-001	0.0000000E+000
4.2713735E-001	6.2715264E+003
4.2761454E-001	0.0000000E+000
4.2761454E-001	6.2757456E+003
4.2818716E-001	0.0000000E+000
4.2818716E-001	6.2761797E+003
4.2858797E-001	0.0000000E+000
4.2858797E-001	6.2812114E+003
4.2914152E-001	0.0000000E+000
4.2914152E-001	6.2838438E+003
4.2958054E-001	0.0000000E+000
4.2958054E-001	6.2836548E+003
4.3009588E-001	0.0000000E+000
4.3009588E-001	6.2892344E+003
4.3057308E-001	0.0000000E+000
4.3057308E-001	6.2922319E+003
4.3114570E-001	0.0000000E+000
4.3114570E-001	6.2939761E+003
4.3169922E-001	0.0000000E+000
4.3169922E-001	6.2977231E+003
4.3208095E-001	0.0000000E+000
4.3208095E-001	6.3006577E+003
4.3261540E-001	0.0000000E+000
4.3261540E-001	6.3040522E+003
4.3313077E-001	0.0000000E+000
4.3313077E-001	6.3072065E+003
4.3358886E-001	0.0000000E+000
4.3358886E-001	6.3110610E+003
4.3414238E-001	0.0000000E+000
4.3414238E-001	6.3137939E+003
4.3465775E-001	0.0000000E+000
4.3465775E-001	6.3165396E+003
4.3519220E-001	0.0000000E+000
4.3519220E-001	6.3201294E+003
4.3561211E-001	0.0000000E+000
4.3561211E-001	6.3233975E+003
4.3608931E-001	0.0000000E+000
4.3608931E-001	6.3259478E+003
4.3662375E-001	0.0000000E+000
4.3662375E-001	6.3299468E+003
4.3712002E-001	0.0000000E+000
4.3712002E-001	6.3338198E+003
4.3746358E-001	0.0000000E+000
4.3746358E-001	6.3377427E+003
4.3816981E-001	0.0000000E+000
4.3816981E-001	6.3417163E+003
4.3862793E-001	0.0000000E+000
4.3862793E-001	6.3461558E+003
4.3916237E-001	0.0000000E+000
4.3916237E-001	6.3471953E+003
4.3956318E-001	0.0000000E+000
4.3956318E-001	6.3532847E+003
4.4019309E-001	0.0000000E+000
4.4019309E-001	6.3560679E+003
4.4068936E-001	0.0000000E+000
4.4068936E-001	6.3592422E+003
4.4112834E-001	0.0000000E+000
4.4112834E-001	6.3652813E+003
4.4170097E-001	0.0000000E+000
4.4170097E-001	6.3680142E+003
4.4225451E-001	0.0000000E+000
4.4225451E-001	6.3732534E+003
4.4276986E-001	0.0000000E+000
4.4276986E-001	6.3773027E+003
4.4311345E-001	0.0000000E+000
4.4311345E-001	6.3808667E+003
4.4364789E-001	0.0000000E+000
4.4364789E-001	6.3851992E+003
4.4412506E-001	0.0000000E+000
4.4412506E-001	6.3892427E+003
4.4475496E-001	0.0000000E+000
4.4475496E-001	6.3944883E+003
4.4517487E-001	0.0000000E+000
4.4517487E-001	6.3993120E+003
4.4567114E-001	0.0000000E+000
4.4567114E-001	6.3964971E+003
4.4620559E-001	0.0000000E+000
4.4620559E-001	6.4027129E+003
4.4662550E-001	0.0000000E+000
4.4662550E-001	6.4064971E+003
4.4710270E-001	0.0000000E+000
4.4710270E-001	6.4112520E+003
4.4765621E-001	0.0000000E+000
4.4765621E-001	6.4128008E+003
4.4819066E-001	0.0000000E+000
4.4819066E-001	6.4190981E+003
4.4866785E-001	0.0000000E+000
4.4866785E-001	6.4239600E+003
4.4916412E-001	0.0000000E+000
4.4916412E-001	6.4292246E+003
4.4962221E-001	0.0000000E+000
4.4962221E-001	6.4327383E+003
4.5013756E-001	0.0000000E+000
4.5013756E-001	6.4378833E+003
4.5055750E-001	0.0000000E+000
4.5055750E-001	6.4428706E+003
4.5111102E-001	0.0000000E+000
4.5111102E-001	6.4470708E+003
4.5172182E-001	0.0000000E+000
4.5172182E-001	6.4530029E+003
4.5225626E-001	0.0000000E+000
4.5225626E-001	6.4594707E+003
4.5269528E-001	0.0000000E+000
4.5269528E-001	6.4629155E+003
4.5317245E-001	0.0000000E+000
4.5317245E-001	6.4677769E+003
4.5353511E-001	0.0000000E+000
4.5353511E-001	6.4737148E+003
4.5416498E-001	0.0000000E+000
4.5416498E-001	6.4783496E+003
4.5468035E-001	0.0000000E+000
4.5468035E-001	6.4844395E+003
4.5511937E-001	0.0000000E+000
4.5511937E-001	6.4903467E+003
4.5557746E-001	0.0000000E+000
4.5557746E-001	6.4961021E+003
4.5613098E-001	0.0000000E+000
4.5613098E-001	6.5026577E+003
4.5664635E-001	0.0000000E+000
4.5664635E-001	6.5067827E+003
4.5727623E-001	0.0000000E+000
4.5727623E-001	6.5117764E+003
4.5767707E-001	0.0000000E+000
4.5767707E-001	6.5188169E+003
4.5821151E-001	0.0000000E+000
4.5821151E-001	6.5240938E+003
4.5868868E-001	0.0000000E+000
4.5868868E-001	6.5292891E+003
4.5916587E-001	0.0000000E+000
4.5916587E-001	6.5360713E+003
4.5968124E-001	0.0000000E+000
4.5968124E-001	6.5416382E+003
4.6027294E-001	0.0000000E+000
4.6027294E-001	6.5484961E+003
4.6055925E-001	0.0000000E+000
4.6055925E-001	6.5529609E+003
4.6118912E-001	0.0000000E+000
4.6118912E-001	6.5587168E+003
4.6170449E-001	0.0000000E+000
4.6170449E-001	6.5637104E+003
4.6216258E-001	0.0000000E+000
4.6216258E-001	6.5700015E+003
4.6260160E-001	0.0000000E+000
4.6260160E-001	6.5769912E+003
4.6317422E-001	0.0000000E+000
4.6317422E-001	6.5832637E+003
4.6363232E-001	0.0000000E+000
4.6363232E-001	6.5896177E+003
4.6401405E-001	0.0000000E+000
4.6401405E-001	6.5952476E+003
4.6460575E-001	0.0000000E+000
4.6460575E-001	6.6012300E+003
4.6523565E-001	0.0000000E+000
4.6523565E-001	6.6078359E+003
4.6559832E-001	0.0000000E+000
4.6559832E-001	6.6140957E+003
4.6620908E-001	0.0000000E+000
4.6620908E-001	6.6208462E+003
4.6670535E-001	0.0000000E+000
4.6670535E-001	6.6281514E+003
4.6718255E-001	0.0000000E+000
4.6718255E-001	6.6344927E+003
4.6754521E-001	0.0000000E+000
4.6754521E-001	6.6398833E+003
4.6813691E-001	0.0000000E+000
4.6813691E-001	6.6470054E+003
4.6869045E-001	0.0000000E+000
4.6869045E-001	6.6542163E+003
4.6909127E-001	0.0000000E+000
4.6909127E-001	6.6598271E+003
4.6953028E-001	0.0000000E+000
4.6953028E-001	6.6672954E+003
4.7010291E-001	0.0000000E+000
4.7010291E-001	6.6736436E+003
4.7058010E-001	0.0000000E+000
4.7058010E-001	6.6818804E+003
4.7107637E-001	0.0000000E+000
4.7107637E-001	6.6891724E+003
4.7157264E-001	0.0000000E+000
4.7157264E-001	6.6961626E+003
4.7212616E-001	0.0000000E+000
4.7212616E-001	6.7023086E+003
4.7266060E-001	0.0000000E+000
4.7266060E-001	6.7100483E+003
4.7309962E-001	0.0000000E+000
4.7309962E-001	6.7165659E+003
4.7357681E-001	0.0000000E+000
4.7357681E-001	6.7226055E+003
4.7411126E-001	0.0000000E+000
4.7411126E-001	6.7308672E+003
4.7462660E-001	0.0000000E+000
4.7462660E-001	6.7383608E+003
4.7514197E-001	0.0000000E+000
4.7514197E-001	6.7458994E+003
4.7563824E-001	0.0000000E+000
4.7563824E-001	6.7551621E+003
4.7624904E-001	0.0000000E+000
4.7624904E-001	6.7600366E+003
4.7670713E-001	0.0000000E+000
4.7670713E-001	6.7677134E+003
4.7716522E-001	0.0000000E+000
4.7716522E-001	6.7758804E+003
4.7758514E-001	0.0000000E+000
4.7758514E-001	6.7804585E+003
4.7806233E-001	0.0000000E+000
4.7806233E-001	6.7886895E+003
4.7861585E-001	0.0000000E+000
4.7861585E-001	6.7975186E+003
4.7913122E-001	0.0000000E+000
4.7913122E-001	6.8035576E+003
4.7962749E-001	0.0000000E+000
4.7962749E-001	6.8124995E+003
4.8012376E-001	0.0000000E+000
4.8012376E-001	6.8220464E+003
4.8073456E-001	0.0000000E+000
4.8073456E-001	6.8287026E+003
4.8107812E-001	0.0000000E+000
4.8107812E-001	6.8365112E+003
4.8163164E-001	0.0000000E+000
4.8163164E-001	6.8448936E+003
4.8201340E-001	0.0000000E+000
4.8201340E-001	6.8518770E+003
4.8279598E-001	0.0000000E+000
4.8279598E-001	6.8607563E+003
4.8313954E-001	0.0000000E+000
4.8313954E-001	6.8664180E+003
4.8373127E-001	0.0000000E+000
4.8373127E-001	6.8771797E+003
4.8415118E-001	0.0000000E+000
4.8415118E-001	6.8841699E+003
4.8459017E-001	0.0000000E+000
4.8459017E-001	6.8935781E+003
4.8522007E-001	0.0000000E+000
4.8522007E-001	6.9021553E+003
4.8565906E-001	0.0000000E+000
4.8565906E-001	6.9094663E+003
4.8609808E-001	0.0000000E+000
4.8609808E-001	6.9177344E+003
4.8659435E-001	0.0000000E+000
4.8659435E-001	6.9257891E+003
4.8714790E-001	0.0000000E+000
4.8714790E-001	6.9347188E+003
4.8766324E-001	0.0000000E+000
4.8766324E-001	6.9430815E+003
4.8808315E-001	0.0000000E+000
4.8808315E-001	6.9506636E+003
4.8859853E-001	0.0000000E+000
4.8859853E-001	6.9588062E+003
4.8903754E-001	0.0000000E+000
4.8903754E-001	6.9682837E+003
4.8961017E-001	0.0000000E+000
4.8961017E-001	6.9758276E+003
4.9008733E-001	0.0000000E+000
4.9008733E-001	6.9861426E+003
4.9050725E-001	0.0000000E+000
4.9050725E-001	6.9941401E+003
4.9115622E-001	0.0000000E+000
4.9115622E-001	7.0016968E+003
4.9165249E-001	0.0000000E+000
4.9165249E-001	7.0115210E+003
4.9216786E-001	0.0000000E+000
4.9216786E-001	7.0196006E+003
4.9270231E-001	0.0000000E+000
4.9270231E-001	7.0306333E+003
4.9316040E-001	0.0000000E+000
4.9316040E-001	7.0382725E+003
4.9363756E-001	0.0000000E+000
4.9363756E-001	7.0466348E+003
4.9419111E-001	0.0000000E+000
4.9419111E-001	7.0566226E+003
4.9464920E-001	0.0000000E+000
4.9464920E-001	7.0663203E+003
4.9508822E-001	0.0000000E+000
4.9508822E-001	7.0741353E+003
4.9560356E-001	0.0000000E+000
4.9560356E-001	7.0839219E+003
4.9596623E-001	0.0000000E+000
4.9596623E-001	7.0910688E+003
4.9667245E-001	0.0000000E+000
4.9667245E-001	7.1027568E+003
4.9716872E-001	0.0000000E+000
4.9716872E-001	7.1123037E+003
4.9753138E-001	0.0000000E+000
4.9753138E-001	7.1203013E+003
4.9810401E-001	0.0000000E+000
4.9810401E-001	7.1294517E+003
4.9860027E-001	0.0000000E+000
4.9860027E-001	7.1386582E+003
4.9911565E-001	0.0000000E+000
4.9911565E-001	7.1470020E+003
4.9955463E-001	0.0000000E+000
4.9955463E-001	7.1570400E+003
5.0014639E-001	0.0000000E+000
5.0014639E-001	7.1654976E+003
5.0050902E-001	0.0000000E+000
5.0050902E-001	7.1768452E+003
5.0108165E-001	0.0000000E+000
5.0108165E-001	7.1839800E+003
5.0159699E-001	0.0000000E+000
5.0159699E-001	7.1938604E+003
5.0216961E-001	0.0000000E+000
5.0216961E-001	7.2039678E+003
5.0268501E-001	0.0000000E+000
5.0268501E-001	7.2130298E+003
5.0316215E-001	0.0000000E+000
5.0316215E-001	7.2228286E+003
5.0367755E-001	0.0000000E+000
5.0367755E-001	7.2324194E+003
5.0415468E-001	0.0000000E+000
5.0415468E-001	7.2425142E+003
5.0470823E-001	0.0000000E+000
5.0470823E-001	7.2513115E+003
5.0510907E-001	0.0000000E+000
5.0510907E-001	7.2635913E+003
5.0564349E-001	0.0000000E+000
5.0564349E-001	7.2722876E+003
5.0608253E-001	0.0000000E+000
5.0608253E-001	7.2818408E+003
5.0673151E-001	0.0000000E+000
5.0673151E-001	7.2909907E+003
5.0709414E-001	0.0000000E+000
5.0709414E-001	7.3004058E+003
5.0751406E-001	0.0000000E+000
5.0751406E-001	7.3113940E+003
5.0818211E-001	0.0000000E+000
5.0818211E-001	7.3200596E+003
5.0867838E-001	0.0000000E+000
5.0867838E-001	7.3322134E+003
5.0907922E-001	0.0000000E+000
5.0907922E-001	7.3411426E+003
5.0961369E-001	0.0000000E+000
5.0961369E-001	7.3517729E+003
5.1009089E-001	0.0000000E+000
5.1009089E-001	7.3603433E+003
5.1070166E-001	0.0000000E+000
5.1070166E-001	7.3728813E+003
5.1108342E-001	0.0000000E+000
5.1108342E-001	7.3812134E+003
5.1169419E-001	0.0000000E+000
5.1169419E-001	7.3914272E+003
5.1224774E-001	0.0000000E+000
5.1224774E-001	7.4024351E+003
5.1261038E-001	0.0000000E+000
5.1261038E-001	7.4116040E+003
5.1322120E-001	0.0000000E+000
5.1322120E-001	7.4231411E+003
5.1369834E-001	0.0000000E+000
5.1369834E-001	7.4328579E+003
5.1419461E-001	0.0000000E+000
5.1419461E-001	7.4427378E+003
5.1459545E-001	0.0000000E+000
5.1459545E-001	7.4545200E+003
5.1511085E-001	0.0000000E+000
5.1511085E-001	7.4637080E+003
5.1566434E-001	0.0000000E+000
5.1566434E-001	7.4743887E+003
5.1610339E-001	0.0000000E+000
5.1610339E-001	7.4831855E+003
5.1658052E-001	0.0000000E+000
5.1658052E-001	7.4941558E+003
5.1711500E-001	0.0000000E+000
5.1711500E-001	7.5041494E+003
5.1757312E-001	0.0000000E+000
5.1757312E-001	7.5151768E+003
5.1812661E-001	0.0000000E+000
5.1812661E-001	7.5265679E+003
5.1862288E-001	0.0000000E+000
5.1862288E-001	7.5364741E+003
5.1921463E-001	0.0000000E+000
5.1921463E-001	7.5473809E+003
5.1961541E-001	0.0000000E+000
5.1961541E-001	7.5600513E+003
5.2005446E-001	0.0000000E+000
5.2005446E-001	7.5691001E+003
5.2066523E-001	0.0000000E+000
5.2066523E-001	7.5793843E+003
5.2102792E-001	0.0000000E+000
5.2102792E-001	7.5900708E+003
5.2165776E-001	0.0000000E+000
5.2165776E-001	7.6009526E+003
5.2211589E-001	0.0000000E+000
5.2211589E-001	7.6113306E+003
5.2263123E-001	0.0000000E+000
5.2263123E-001	7.6247314E+003
5.2310842E-001	0.0000000E+000
5.2310842E-001	7.6350840E+003
5.2360469E-001	0.0000000E+000
5.2360469E-001	7.6511611E+003
5.2404368E-001	0.0000000E+000
5.2404368E-001	7.6617285E+003
5.2442545E-001	0.0000000E+000
5.2442545E-001	7.6711865E+003
5.2507442E-001	0.0000000E+000
5.2507442E-001	7.6823335E+003
5.2555162E-001	0.0000000E+000
5.2555162E-001	7.6919995E+003
5.2608603E-001	0.0000000E+000
5.2608603E-001	7.7040400E+003
5.2660137E-001	0.0000000E+000
5.2660137E-001	7.7152432E+003
5.2702129E-001	0.0000000E+000
5.2702129E-001	7.7264268E+003
5.2757484E-001	0.0000000E+000
5.2757484E-001	7.7382031E+003
5.2799475E-001	0.0000000E+000
5.2799475E-001	7.7469629E+003
5.2860558E-001	0.0000000E+000
5.2860558E-001	7.7590474E+003
5.2906364E-001	0.0000000E+000
5.2906364E-001	7.7702568E+003
5.2952176E-001	0.0000000E+000
5.2952176E-001	7.7815288E+003
5.2999896E-001	0.0000000E+000
5.2999896E-001	7.7925747E+003
5.3055245E-001	0.0000000E+000
5.3055245E-001	7.8028770E+003
5.3106785E-001	0.0000000E+000
5.3106785E-001	7.8152319E+003
5.3152591E-001	0.0000000E+000
5.3152591E-001	7.8259248E+003
5.3196496E-001	0.0000000E+000
5.3196496E-001	7.8353838E+003
5.3246123E-001	0.0000000E+000
5.3246123E-001	7.8473423E+003
5.3301471E-001	0.0000000E+000
5.3301471E-001	7.8584258E+003
5.3354919E-001	0.0000000E+000
5.3354919E-001	7.8699878E+003
5.3406453E-001	0.0000000E+000
5.3406453E-001	7.8818706E+003
5.3457987E-001	0.0000000E+000
5.3457987E-001	7.8915752E+003
5.3511435E-001	0.0000000E+000
5.3511435E-001	7.9056304E+003
5.3551519E-001	0.0000000E+000
5.3551519E-001	7.9166069E+003
5.3604960E-001	0.0000000E+000
5.3604960E-001	7.9279800E+003
5.3648865E-001	0.0000000E+000
5.3648865E-001	7.9389497E+003
5.3713757E-001	0.0000000E+000
5.3713757E-001	7.9487109E+003
5.3748119E-001	0.0000000E+000
5.3748119E-001	7.9598638E+003
5.3807288E-001	0.0000000E+000
5.3807288E-001	7.9720991E+003
5.3851187E-001	0.0000000E+000
5.3851187E-001	7.9829937E+003
5.3906542E-001	0.0000000E+000
5.3906542E-001	7.9946313E+003
5.3952354E-001	0.0000000E+000
5.3952354E-001	8.0062056E+003
5.4009610E-001	0.0000000E+000
5.4009610E-001	8.0181577E+003
5.4057330E-001	0.0000000E+000
5.4057330E-001	8.0297202E+003
5.4101235E-001	0.0000000E+000
5.4101235E-001	8.0402490E+003
5.4147041E-001	0.0000000E+000
5.4147041E-001	8.0488071E+003
5.4198575E-001	0.0000000E+000
5.4198575E-001	8.0619688E+003
5.4261565E-001	0.0000000E+000
5.4261565E-001	8.0743872E+003
5.4305464E-001	0.0000000E+000
5.4305464E-001	8.0868120E+003
5.4357004E-001	0.0000000E+000
5.4357004E-001	8.0965034E+003
5.4412353E-001	0.0000000E+000
5.4412353E-001	8.1090850E+003
5.4450530E-001	0.0000000E+000
5.4450530E-001	8.1198979E+003
5.4505885E-001	0.0000000E+000
5.4505885E-001	8.1326187E+003
5.4549783E-001	0.0000000E+000
5.4549783E-001	8.1425181E+003
5.4593682E-001	0.0000000E+000
5.4593682E-001	8.1556104E+003
5.4664308E-001	0.0000000E+000
5.4664308E-001	8.1663970E+003
5.4702485E-001	0.0000000E+000
5.4702485E-001	8.1774048E+003
5.4754019E-001	0.0000000E+000
5.4754019E-001	8.1891753E+003
5.4809374E-001	0.0000000E+000
5.4809374E-001	8.2025498E+003
5.4859000E-001	0.0000000E+000
5.4859000E-001	8.2144648E+003
5.4900992E-001	0.0000000E+000
5.4900992E-001	8.2247988E+003
5.4963982E-001	0.0000000E+000
5.4963982E-001	8.2357432E+003
5.5002153E-001	0.0000000E+000
5.5002153E-001	8.2464551E+003
5.5053687E-001	0.0000000E+000
5.5053687E-001	8.2591699E+003
5.5103314E-001	0.0000000E+000
5.5103314E-001	8.2713994E+003
5.5154854E-001	0.0000000E+000
5.5154854E-001	8.2826777E+003
5.5194938E-001	0.0000000E+000
5.5194938E-001	8.2939873E+003
5.5252200E-001	0.0000000E+000
5.5252200E-001	8.3050957E+003
5.5309463E-001	0.0000000E+000
5.5309463E-001	8.3169541E+003
5.5360997E-001	0.0000000E+000
5.5360997E-001	8.3287803E+003
5.5408716E-001	0.0000000E+000
5.5408716E-001	8.3401152E+003
5.5450708E-001	0.0000000E+000
5.5450708E-001	8.3515264E+003
5.5507970E-001	0.0000000E+000
5.5507970E-001	8.3646123E+003
5.5559504E-001	0.0000000E+000
5.5559504E-001	8.3746631E+003
5.5601496E-001	0.0000000E+000
5.5601496E-001	8.3858027E+003
5.5651122E-001	0.0000000E+000
5.5651122E-001	8.3985869E+003
5.5704570E-001	0.0000000E+000
5.5704570E-001	8.4120693E+003
5.5761832E-001	0.0000000E+000
5.5761832E-001	8.4210117E+003
5.5803823E-001	0.0000000E+000
5.5803823E-001	8.4350225E+003
5.5857265E-001	0.0000000E+000
5.5857265E-001	8.4457031E+003
5.5918348E-001	0.0000000E+000
5.5918348E-001	8.4566924E+003
5.5958426E-001	0.0000000E+000
5.5958426E-001	8.4692422E+003
5.6013781E-001	0.0000000E+000
5.6013781E-001	8.4812959E+003
5.6046230E-001	0.0000000E+000
5.6046230E-001	8.4913652E+003
5.6109220E-001	0.0000000E+000
5.6109220E-001	8.5061445E+003
5.6151211E-001	0.0000000E+000
5.6151211E-001	8.5158867E+003
5.6202745E-001	0.0000000E+000
5.6202745E-001	8.5288154E+003
5.6244737E-001	0.0000000E+000
5.6244737E-001	8.5413477E+003
5.6311542E-001	0.0000000E+000
5.6311542E-001	8.5509316E+003
5.6351626E-001	0.0000000E+000
5.6351626E-001	8.5622227E+003
5.6406981E-001	0.0000000E+000
5.6406981E-001	8.5748115E+003
5.6458515E-001	0.0000000E+000
5.6458515E-001	8.5868018E+003
5.6494784E-001	0.0000000E+000
5.6494784E-001	8.5993018E+003
5.6555861E-001	0.0000000E+000
5.6555861E-001	8.6095225E+003
5.6595945E-001	0.0000000E+000
5.6595945E-001	8.6205176E+003
5.6651300E-001	0.0000000E+000
5.6651300E-001	8.6340508E+003
5.6700927E-001	0.0000000E+000
5.6700927E-001	8.6455869E+003
5.6752461E-001	0.0000000E+000
5.6752461E-001	8.6558203E+003
5.6807816E-001	0.0000000E+000
5.6807816E-001	8.6695615E+003
5.6857443E-001	0.0000000E+000
5.6857443E-001	8.6811426E+003
5.6912798E-001	0.0000000E+000
5.6912798E-001	8.6929434E+003
5.6949061E-001	0.0000000E+000
5.6949061E-001	8.7050098E+003
5.6998688E-001	0.0000000E+000
5.6998688E-001	8.7162881E+003
5.7061678E-001	0.0000000E+000
5.7061678E-001	8.7287246E+003
5.7101756E-001	0.0000000E+000
5.7101756E-001	8.7402686E+003
5.7159019E-001	0.0000000E+000
5.7159019E-001	8.7521260E+003
5.7212466E-001	0.0000000E+000
5.7212466E-001	8.7637061E+003
5.7250643E-001	0.0000000E+000
5.7250643E-001	8.7765527E+003
5.7292634E-001	0.0000000E+000
5.7292634E-001	8.7873408E+003
5.7359439E-001	0.0000000E+000
5.7359439E-001	8.7999795E+003
5.7409066E-001	0.0000000E+000
5.7409066E-001	8.8125293E+003
5.7460600E-001	0.0000000E+000
5.7460600E-001	8.8240029E+003
5.7502592E-001	0.0000000E+000
5.7502592E-001	8.8366807E+003
5.7561761E-001	0.0000000E+000
5.7561761E-001	8.8472783E+003
5.7598031E-001	0.0000000E+000
5.7598031E-001	8.8587773E+003
5.7649565E-001	0.0000000E+000
5.7649565E-001	8.8715488E+003
5.7703012E-001	0.0000000E+000
5.7703012E-001	8.8820967E+003
5.7745004E-001	0.0000000E+000
5.7745004E-001	8.8952266E+003
5.7798445E-001	0.0000000E+000
5.7798445E-001	8.9062979E+003
5.7848072E-001	0.0000000E+000
5.7848072E-001	8.9186279E+003
5.7905334E-001	0.0000000E+000
5.7905334E-001	8.9303779E+003
5.7949239E-001	0.0000000E+000
5.7949239E-001	8.9414990E+003
5.8010316E-001	0.0000000E+000
5.8010316E-001	8.9539746E+003
5.8052307E-001	0.0000000E+000
5.8052307E-001	8.9656504E+003
5.8107662E-001	0.0000000E+000
5.8107662E-001	8.9774883E+003
5.8151561E-001	0.0000000E+000
5.8151561E-001	8.9883643E+003
5.8197373E-001	0.0000000E+000
5.8197373E-001	9.0020732E+003
5.8252722E-001	0.0000000E+000
5.8252722E-001	9.0134717E+003
5.8304262E-001	0.0000000E+000
5.8304262E-001	9.0254805E+003
5.8355796E-001	0.0000000E+000
5.8355796E-001	9.0374326E+003
5.8409238E-001	0.0000000E+000
5.8409238E-001	9.0486797E+003
5.8449322E-001	0.0000000E+000
5.8449322E-001	9.0632910E+003
5.8495134E-001	0.0000000E+000
5.8495134E-001	9.0720000E+003
5.8554304E-001	0.0000000E+000
5.8554304E-001	9.0851230E+003
5.8615386E-001	0.0000000E+000
5.8615386E-001	9.0979199E+003
5.8647835E-001	0.0000000E+000
5.8647835E-001	9.1106592E+003
5.8699369E-001	0.0000000E+000
5.8699369E-001	9.1226113E+003
5.8750904E-001	0.0000000E+000
5.8750904E-001	9.1346328E+003
5.8806258E-001	0.0000000E+000
5.8806258E-001	9.1459365E+003
5.8850157E-001	0.0000000E+000
5.8850157E-001	9.1570459E+003
5.8905512E-001	0.0000000E+000
5.8905512E-001	9.1700996E+003
5.8947504E-001	0.0000000E+000
5.8947504E-001	9.1815293E+003
5.9000945E-001	0.0000000E+000
5.9000945E-001	9.1951875E+003
5.9058207E-001	0.0000000E+000
5.9058207E-001	9.2052266E+003
5.9117383E-001	0.0000000E+000
5.9117383E-001	9.2180088E+003
5.9159374E-001	0.0000000E+000
5.9159374E-001	9.2295713E+003
5.9207094E-001	0.0000000E+000
5.9207094E-001	9.2404717E+003
5.9258628E-001	0.0000000E+000
5.9258628E-001	9.2537471E+003
5.9300619E-001	0.0000000E+000
5.9300619E-001	9.2649814E+003
5.9346426E-001	0.0000000E+000
5.9346426E-001	9.2774883E+003
5.9397966E-001	0.0000000E+000
5.9397966E-001	9.2892451E+003
5.9466678E-001	0.0000000E+000
5.9466678E-001	9.3027529E+003
5.9501034E-001	0.0000000E+000
5.9501034E-001	9.3126904E+003
5.9537303E-001	0.0000000E+000
5.9537303E-001	9.3257070E+003
5.9623194E-001	0.0000000E+000
5.9623194E-001	9.3376465E+003
5.9659463E-001	0.0000000E+000
5.9659463E-001	9.3500771E+003
5.9697634E-001	0.0000000E+000
5.9697634E-001	9.3631816E+003
5.9754896E-001	0.0000000E+000
5.9754896E-001	9.3734463E+003
5.9785438E-001	0.0000000E+000
5.9785438E-001	9.3857969E+003
5.9850335E-001	0.0000000E+000
5.9850335E-001	9.3982266E+003
5.9899962E-001	0.0000000E+000
5.9899962E-001	9.4112119E+003
5.9955317E-001	0.0000000E+000
5.9955317E-001	9.4239385E+003
6.0006851E-001	0.0000000E+000
6.0006851E-001	9.4346953E+003
6.0048842E-001	0.0000000E+000
6.0048842E-001	9.4463447E+003
6.0104197E-001	0.0000000E+000
6.0104197E-001	9.4592480E+003
6.0146189E-001	0.0000000E+000
6.0146189E-001	9.4688516E+003
6.0186273E-001	0.0000000E+000
6.0186273E-001	9.4835000E+003
6.0245442E-001	0.0000000E+000
6.0245442E-001	9.4968125E+003
6.0296977E-001	0.0000000E+000
6.0296977E-001	9.5094883E+003
6.0350424E-001	0.0000000E+000
6.0350424E-001	9.5219893E+003
6.0413408E-001	0.0000000E+000
6.0413408E-001	9.5350938E+003
6.0451585E-001	0.0000000E+000
6.0451585E-001	9.5472227E+003
6.0493577E-001	0.0000000E+000
6.0493577E-001	9.5615859E+003
6.0545111E-001	0.0000000E+000
6.0545111E-001	9.5737402E+003
6.0600466E-001	0.0000000E+000
6.0600466E-001	9.5884141E+003
6.0655820E-001	0.0000000E+000
6.0655820E-001	9.6002402E+003
6.0711169E-001	0.0000000E+000
6.0711169E-001	9.6126836E+003
6.0753167E-001	0.0000000E+000
6.0753167E-001	9.6249941E+003
6.0800880E-001	0.0000000E+000
6.0800880E-001	9.6397051E+003
6.0854328E-001	0.0000000E+000
6.0854328E-001	9.6531563E+003
6.0905862E-001	0.0000000E+000
6.0905862E-001	9.6663496E+003
6.0953581E-001	0.0000000E+000
6.0953581E-001	9.6781006E+003
6.1010844E-001	0.0000000E+000
6.1010844E-001	9.6913115E+003
6.1052835E-001	0.0000000E+000
6.1052835E-001	9.7062676E+003
6.1106277E-001	0.0000000E+000
6.1106277E-001	9.7179316E+003
6.1142546E-001	0.0000000E+000
6.1142546E-001	9.7301279E+003
6.1199808E-001	0.0000000E+000
6.1199808E-001	9.7449277E+003
6.1249435E-001	0.0000000E+000
6.1249435E-001	9.7591094E+003
6.1299062E-001	0.0000000E+000
6.1299062E-001	9.7730078E+003
6.1362052E-001	0.0000000E+000
6.1362052E-001	9.7839707E+003
6.1394501E-001	0.0000000E+000
6.1394501E-001	9.7988389E+003
6.1447942E-001	0.0000000E+000
6.1447942E-001	9.8102373E+003
6.1497569E-001	0.0000000E+000
6.1497569E-001	9.8252061E+003
6.1562467E-001	0.0000000E+000
6.1562467E-001	9.8380020E+003
6.1612093E-001	0.0000000E+000
6.1612093E-001	9.8515791E+003
6.1655992E-001	0.0000000E+000
6.1655992E-001	9.8671084E+003
6.1701804E-001	0.0000000E+000
6.1701804E-001	9.8799805E+003
6.1755246E-001	0.0000000E+000
6.1755246E-001	9.8938340E+003
6.1802965E-001	0.0000000E+000
6.1802965E-001	9.9085889E+003
6.1860228E-001	0.0000000E+000
6.1860228E-001	9.9227773E+003
6.1900312E-001	0.0000000E+000
6.1900312E-001	9.9369717E+003
6.1948031E-001	0.0000000E+000
6.1948031E-001	9.9489297E+003
6.2001473E-001	0.0000000E+000
6.2001473E-001	9.9638477E+003
6.2058735E-001	0.0000000E+000
6.2058735E-001	9.9793779E+003
6.2110275E-001	0.0000000E+000
6.2110275E-001	9.9947871E+003
6.2161809E-001	0.0000000E+000
6.2161809E-001	1.0008006E+004
6.2205708E-001	0.0000000E+000
6.2205708E-001	1.0023729E+004
6.2262970E-001	0.0000000E+000
6.2262970E-001	1.0039108E+004
6.2299240E-001	0.0000000E+000
6.2299240E-001	1.0051355E+004
6.2348866E-001	0.0000000E+000
6.2348866E-001	1.0068310E+004
6.2409943E-001	0.0000000E+000
6.2409943E-001	1.0081747E+004
6.2446207E-001	0.0000000E+000
6.2446207E-001	1.0097030E+004
6.2505382E-001	0.0000000E+000
6.2505382E-001	1.0112561E+004
6.2553096E-001	0.0000000E+000
6.2553096E-001	1.0128523E+004
6.2610358E-001	0.0000000E+000
6.2610358E-001	1.0142838E+004
6.2659985E-001	0.0000000E+000
6.2659985E-001	1.0156220E+004
6.2694347E-001	0.0000000E+000
6.2694347E-001	1.0171566E+004
6.2763059E-001	0.0000000E+000
6.2763059E-001	1.0186529E+004
6.2799323E-001	0.0000000E+000
6.2799323E-001	1.0201453E+004
6.2847042E-001	0.0000000E+000
6.2847042E-001	1.0218979E+004
6.2908125E-001	0.0000000E+000
6.2908125E-001	1.0232890E+004
6.2959659E-001	0.0000000E+000
6.2959659E-001	1.0247298E+004
6.3009286E-001	0.0000000E+000
6.3009286E-001	1.0265221E+004
6.3062727E-001	0.0000000E+000
6.3062727E-001	1.0280933E+004
6.3110447E-001	0.0000000E+000
6.3110447E-001	1.0297229E+004
6.3150531E-001	0.0000000E+000
6.3150531E-001	1.0313553E+004
6.3202065E-001	0.0000000E+000
6.3202065E-001	1.0328616E+004
6.3251692E-001	0.0000000E+000
6.3251692E-001	1.0343855E+004
6.3310868E-001	0.0000000E+000
6.3310868E-001	1.0362716E+004
6.3354766E-001	0.0000000E+000
6.3354766E-001	1.0377621E+004
6.3406301E-001	0.0000000E+000
6.3406301E-001	1.0394436E+004
6.3454020E-001	0.0000000E+000
6.3454020E-001	1.0410330E+004
6.3509375E-001	0.0000000E+000
6.3509375E-001	1.0427446E+004
6.3547546E-001	0.0000000E+000
6.3547546E-001	1.0443032E+004
6.3600993E-001	0.0000000E+000
6.3600993E-001	1.0459814E+004
6.3646799E-001	0.0000000E+000
6.3646799E-001	1.0478329E+004
6.3694519E-001	0.0000000E+000
6.3694519E-001	1.0495571E+004
6.3747966E-001	0.0000000E+000
6.3747966E-001	1.0512379E+004
6.3807136E-001	0.0000000E+000
6.3807136E-001	1.0530646E+004
6.3847220E-001	0.0000000E+000
6.3847220E-001	1.0548399E+004
6.3917840E-001	0.0000000E+000
6.3917840E-001	1.0565295E+004
6.3961744E-001	0.0000000E+000
6.3961744E-001	1.0581233E+004
6.3996100E-001	0.0000000E+000
6.3996100E-001	1.0598942E+004
6.4055270E-001	0.0000000E+000
6.4055270E-001	1.0615907E+004
6.4106804E-001	0.0000000E+000
6.4106804E-001	1.0635146E+004
6.4148796E-001	0.0000000E+000
6.4148796E-001	1.0651847E+004
6.4194608E-001	0.0000000E+000
6.4194608E-001	1.0670089E+004
6.4257598E-001	0.0000000E+000
6.4257598E-001	1.0688056E+004
6.4307225E-001	0.0000000E+000
6.4307225E-001	1.0707023E+004
6.4353031E-001	0.0000000E+000
6.4353031E-001	1.0725481E+004
6.4400750E-001	0.0000000E+000
6.4400750E-001	1.0743158E+004
6.4452285E-001	0.0000000E+000
6.4452285E-001	1.0761590E+004
6.4507639E-001	0.0000000E+000
6.4507639E-001	1.0780639E+004
6.4543909E-001	0.0000000E+000
6.4543909E-001	1.0799047E+004
6.4601165E-001	0.0000000E+000
6.4601165E-001	1.0818316E+004
6.4645070E-001	0.0000000E+000
6.4645070E-001	1.0838135E+004
6.4708054E-001	0.0000000E+000
6.4708054E-001	1.0855477E+004
6.4744323E-001	0.0000000E+000
6.4744323E-001	1.0877512E+004
6.4809221E-001	0.0000000E+000
6.4809221E-001	1.0893828E+004
6.4872205E-001	0.0000000E+000
6.4872205E-001	1.0913734E+004
6.4906567E-001	0.0000000E+000
6.4906567E-001	1.0932613E+004
6.4954281E-001	0.0000000E+000
6.4954281E-001	1.0951953E+004
6.4990550E-001	0.0000000E+000
6.4990550E-001	1.0970498E+004
6.5066898E-001	0.0000000E+000
6.5066898E-001	1.0992904E+004
6.5110797E-001	0.0000000E+000
6.5110797E-001	1.1011588E+004
6.5152794E-001	0.0000000E+000
6.5152794E-001	1.1030846E+004
6.5198600E-001	0.0000000E+000
6.5198600E-001	1.1049832E+004
6.5246320E-001	0.0000000E+000
6.5246320E-001	1.1069492E+004
6.5307397E-001	0.0000000E+000
6.5307397E-001	1.1090060E+004
6.5364659E-001	0.0000000E+000
6.5364659E-001	1.1107226E+004
6.5410471E-001	0.0000000E+000
6.5410471E-001	1.1129122E+004
6.5462005E-001	0.0000000E+000
6.5462005E-001	1.1148934E+004
6.5511632E-001	0.0000000E+000
6.5511632E-001	1.1169060E+004
6.5557444E-001	0.0000000E+000
6.5557444E-001	1.1188650E+004
6.5614706E-001	0.0000000E+000
6.5614706E-001	1.1209073E+004
6.5654790E-001	0.0000000E+000
6.5654790E-001	1.1230131E+004
6.5708232E-001	0.0000000E+000
6.5708232E-001	1.1251196E+004
6.5744501E-001	0.0000000E+000
6.5744501E-001	1.1272091E+004
6.5809393E-001	0.0000000E+000
6.5809393E-001	1.1291254E+004
6.5857112E-001	0.0000000E+000
6.5857112E-001	1.1312078E+004
6.5914375E-001	0.0000000E+000
6.5914375E-001	1.1332980E+004
6.5958279E-001	0.0000000E+000
6.5958279E-001	1.1353887E+004
6.6013628E-001	0.0000000E+000
6.6013628E-001	1.1372805E+004
6.6053712E-001	0.0000000E+000
6.6053712E-001	1.1394927E+004
6.6103339E-001	0.0000000E+000
6.6103339E-001	1.1415828E+004
6.6152966E-001	0.0000000E+000
6.6152966E-001	1.1433977E+004
6.6200686E-001	0.0000000E+000
6.6200686E-001	1.1456799E+004
6.6256040E-001	0.0000000E+000
6.6256040E-001	1.1477718E+004
6.6309482E-001	0.0000000E+000
6.6309482E-001	1.1499388E+004
6.6355294E-001	0.0000000E+000
6.6355294E-001	1.1521623E+004
6.6399193E-001	0.0000000E+000
6.6399193E-001	1.1542870E+004
6.6467905E-001	0.0000000E+000
6.6467905E-001	1.1563060E+004
6.6496539E-001	0.0000000E+000
6.6496539E-001	1.1581737E+004
6.6565251E-001	0.0000000E+000
6.6565251E-001	1.1603136E+004
6.6603428E-001	0.0000000E+000
6.6603428E-001	1.1623608E+004
6.6649240E-001	0.0000000E+000
6.6649240E-001	1.1644729E+004
6.6710317E-001	0.0000000E+000
6.6710317E-001	1.1666833E+004
6.6761851E-001	0.0000000E+000
6.6761851E-001	1.1686639E+004
6.6796207E-001	0.0000000E+000
6.6796207E-001	1.1706947E+004
6.6859198E-001	0.0000000E+000
6.6859198E-001	1.1727143E+004
6.6899282E-001	0.0000000E+000
6.6899282E-001	1.1748554E+004
6.6948909E-001	0.0000000E+000
6.6948909E-001	1.1767182E+004
6.7008078E-001	0.0000000E+000
6.7008078E-001	1.1790166E+004
6.7053890E-001	0.0000000E+000
6.7053890E-001	1.1812126E+004
6.7105424E-001	0.0000000E+000
6.7105424E-001	1.1832467E+004
6.7156959E-001	0.0000000E+000
6.7156959E-001	1.1853795E+004
6.7202771E-001	0.0000000E+000
6.7202771E-001	1.1873581E+004
6.7258126E-001	0.0000000E+000
6.7258126E-001	1.1895005E+004
6.7309660E-001	0.0000000E+000
6.7309660E-001	1.1914496E+004
6.7357379E-001	0.0000000E+000
6.7357379E-001	1.1934798E+004
6.7401278E-001	0.0000000E+000
6.7401278E-001	1.1955504E+004
6.7456633E-001	0.0000000E+000
6.7456633E-001	1.1975479E+004
6.7500532E-001	0.0000000E+000
6.7500532E-001	1.1996210E+004
6.7553979E-001	0.0000000E+000
6.7553979E-001	1.2016664E+004
6.7609328E-001	0.0000000E+000
6.7609328E-001	1.2038194E+004
6.7647505E-001	0.0000000E+000
6.7647505E-001	1.2059529E+004
6.7706674E-001	0.0000000E+000
6.7706674E-001	1.2079070E+004
6.7748666E-001	0.0000000E+000
6.7748666E-001	1.2097698E+004
6.7811656E-001	0.0000000E+000
6.7811656E-001	1.2117647E+004
6.7851740E-001	0.0000000E+000
6.7851740E-001	1.2137327E+004
6.7909002E-001	0.0000000E+000
6.7909002E-001	1.2157598E+004
6.7950994E-001	0.0000000E+000
6.7950994E-001	1.2176339E+004
6.7994893E-001	0.0000000E+000
6.7994893E-001	1.2196837E+004
6.8048340E-001	0.0000000E+000
6.8048340E-001	1.2215823E+004
6.8111324E-001	0.0000000E+000
6.8111324E-001	1.2235043E+004
6.8143773E-001	0.0000000E+000
6.8143773E-001	1.2252940E+004
6.8210578E-001	0.0000000E+000
6.8210578E-001	1.2272972E+004
6.8258297E-001	0.0000000E+000
6.8258297E-001	1.2294837E+004
6.8307924E-001	0.0000000E+000
6.8307924E-001	1.2311437E+004
6.8349916E-001	0.0000000E+000
6.8349916E-001	1.2331612E+004
6.8405271E-001	0.0000000E+000
6.8405271E-001	1.2349145E+004
6.8462533E-001	0.0000000E+000
6.8462533E-001	1.2368843E+004
6.8506432E-001	0.0000000E+000
6.8506432E-001	1.2386872E+004
6.8561786E-001	0.0000000E+000
6.8561786E-001	1.2404397E+004
6.8605685E-001	0.0000000E+000
6.8605685E-001	1.2424083E+004
6.8643862E-001	0.0000000E+000
6.8643862E-001	1.2441244E+004
6.8699217E-001	0.0000000E+000
6.8699217E-001	1.2459367E+004
6.8745023E-001	0.0000000E+000
6.8745023E-001	1.2478416E+004
6.8800378E-001	0.0000000E+000
6.8800378E-001	1.2496874E+004
6.8859547E-001	0.0000000E+000
6.8859547E-001	1.2512365E+004
6.8901539E-001	0.0000000E+000
6.8901539E-001	1.2532158E+004
6.8956894E-001	0.0000000E+000
6.8956894E-001	1.2547983E+004
6.8998885E-001	0.0000000E+000
6.8998885E-001	1.2566309E+004
6.9071418E-001	0.0000000E+000
6.9071418E-001	1.2580163E+004
6.9101959E-001	0.0000000E+000
6.9101959E-001	1.2595994E+004
6.9153494E-001	0.0000000E+000
6.9153494E-001	1.2612727E+004
6.9201213E-001	0.0000000E+000
6.9201213E-001	1.2629918E+004
6.9266111E-001	0.0000000E+000
6.9266111E-001	1.2646141E+004
6.9311917E-001	0.0000000E+000
6.9311917E-001	1.2663898E+004
6.9350094E-001	0.0000000E+000
6.9350094E-001	1.2679119E+004
6.9399720E-001	0.0000000E+000
6.9399720E-001	1.2695833E+004
6.9447440E-001	0.0000000E+000
6.9447440E-001	1.2712067E+004
6.9514245E-001	0.0000000E+000
6.9514245E-001	1.2723729E+004
6.9552422E-001	0.0000000E+000
6.9552422E-001	1.2741526E+004
6.9605863E-001	0.0000000E+000
6.9605863E-001	1.2756047E+004
6.9638312E-001	0.0000000E+000
6.9638312E-001	1.2769587E+004
6.9714659E-001	0.0000000E+000
6.9714659E-001	1.2785954E+004
6.9766200E-001	0.0000000E+000
6.9766200E-001	1.2800494E+004
6.9810098E-001	0.0000000E+000
6.9810098E-001	1.2813870E+004
6.9857818E-001	0.0000000E+000
6.9857818E-001	1.2829909E+004
6.9901717E-001	0.0000000E+000
6.9901717E-001	1.2844708E+004
6.9947529E-001	0.0000000E+000
6.9947529E-001	1.2858241E+004
6.9991428E-001	0.0000000E+000
6.9991428E-001	1.2890427E+004
7.0050597E-001	0.0000000E+000
7.0050597E-001	1.2907084E+004
7.0113587E-001	0.0000000E+000
7.0113587E-001	1.2919489E+004
7.0151758E-001	0.0000000E+000
7.0151758E-001	1.2932902E+004
7.0207113E-001	0.0000000E+000
7.0207113E-001	1.2947746E+004
7.0260561E-001	0.0000000E+000
7.0260561E-001	1.2961959E+004
7.0312095E-001	0.0000000E+000
7.0312095E-001	1.2974755E+004
7.0359814E-001	0.0000000E+000
7.0359814E-001	1.2985844E+004
7.0394170E-001	0.0000000E+000
7.0394170E-001	1.3000120E+004
7.0451432E-001	0.0000000E+000
7.0451432E-001	1.3013326E+004
7.0504874E-001	0.0000000E+000
7.0504874E-001	1.3026746E+004
7.0552593E-001	0.0000000E+000
7.0552593E-001	1.3041721E+004
7.0604128E-001	0.0000000E+000
7.0604128E-001	1.3054303E+004
7.0665210E-001	0.0000000E+000
7.0665210E-001	1.3066847E+004
7.0693839E-001	0.0000000E+000
7.0693839E-001	1.3079044E+004
7.0764464E-001	0.0000000E+000
7.0764464E-001	1.3088938E+004
7.0800728E-001	0.0000000E+000
7.0800728E-001	1.3098794E+004
7.0854175E-001	0.0000000E+000
7.0854175E-001	1.3113126E+004
7.0911437E-001	0.0000000E+000
7.0911437E-001	1.3125248E+004
7.0951521E-001	0.0000000E+000
7.0951521E-001	1.3135569E+004
7.1008784E-001	0.0000000E+000
7.1008784E-001	1.3148518E+004
7.1050775E-001	0.0000000E+000
7.1050775E-001	1.3159922E+004
7.1102309E-001	0.0000000E+000
7.1102309E-001	1.3168549E+004
7.1157664E-001	0.0000000E+000
7.1157664E-001	1.3183392E+004
7.1207291E-001	0.0000000E+000
7.1207291E-001	1.3195603E+004
7.1251190E-001	0.0000000E+000
7.1251190E-001	1.3206510E+004
7.1312273E-001	0.0000000E+000
7.1312273E-001	1.3221353E+004
7.1358079E-001	0.0000000E+000
7.1358079E-001	1.3235193E+004
7.1407706E-001	0.0000000E+000
7.1407706E-001	1.3245742E+004
7.1457332E-001	0.0000000E+000
7.1457332E-001	1.3258046E+004
7.1506959E-001	0.0000000E+000
7.1506959E-001	1.3268664E+004
7.1556586E-001	0.0000000E+000
7.1556586E-001	1.3277153E+004
7.1611941E-001	0.0000000E+000
7.1611941E-001	1.3290440E+004
7.1661568E-001	0.0000000E+000
7.1661568E-001	1.3301077E+004
7.1701652E-001	0.0000000E+000
7.1701652E-001	1.3311801E+004
7.1753186E-001	0.0000000E+000
7.1753186E-001	1.3322355E+004
7.1814269E-001	0.0000000E+000
7.1814269E-001	1.3335536E+004
7.1848625E-001	0.0000000E+000
7.1848625E-001	1.3352891E+004
7.1898252E-001	0.0000000E+000
7.1898252E-001	1.3371034E+004
7.1951693E-001	0.0000000E+000
7.1951693E-001	1.3382444E+004
7.2005141E-001	0.0000000E+000
7.2005141E-001	1.3396204E+004
7.2064310E-001	0.0000000E+000
7.2064310E-001	1.3407779E+004
7.2106302E-001	0.0000000E+000
7.2106302E-001	1.3416173E+004
7.2161657E-001	0.0000000E+000
7.2161657E-001	1.3425738E+004
7.2201741E-001	0.0000000E+000
7.2201741E-001	1.3434838E+004
7.2253275E-001	0.0000000E+000
7.2253275E-001	1.3445960E+004
7.2312444E-001	0.0000000E+000
7.2312444E-001	1.3454026E+004
7.2354436E-001	0.0000000E+000
7.2354436E-001	1.3462226E+004
7.2398341E-001	0.0000000E+000
7.2398341E-001	1.3468365E+004
7.2459418E-001	0.0000000E+000
7.2459418E-001	1.3477145E+004
7.2505230E-001	0.0000000E+000
7.2505230E-001	1.3488189E+004
7.2562492E-001	0.0000000E+000
7.2562492E-001	1.3494595E+004
7.2610205E-001	0.0000000E+000
7.2610205E-001	1.3502623E+004
7.2656018E-001	0.0000000E+000
7.2656018E-001	1.3513594E+004
7.2709465E-001	0.0000000E+000
7.2709465E-001	1.3521244E+004
7.2753364E-001	0.0000000E+000
7.2753364E-001	1.3528216E+004
7.2804898E-001	0.0000000E+000
7.2804898E-001	1.3534317E+004
7.2846889E-001	0.0000000E+000
7.2846889E-001	1.3539009E+004
7.2896516E-001	0.0000000E+000
7.2896516E-001	1.3542977E+004
7.2953779E-001	0.0000000E+000
7.2953779E-001	1.3546773E+004
7.3012948E-001	0.0000000E+000
7.3012948E-001	1.3557669E+004
7.3045397E-001	0.0000000E+000
7.3045397E-001	1.3564054E+004
7.3096937E-001	0.0000000E+000
7.3096937E-001	1.3569603E+004
7.3144650E-001	0.0000000E+000
7.3144650E-001	1.3573524E+004
7.3201913E-001	0.0000000E+000
7.3201913E-001	1.3584526E+004
7.3259175E-001	0.0000000E+000
7.3259175E-001	1.3590421E+004
7.3304987E-001	0.0000000E+000
7.3304987E-001	1.3593991E+004
7.3360342E-001	0.0000000E+000
7.3360342E-001	1.3610521E+004
7.3415691E-001	0.0000000E+000
7.3415691E-001	1.3618872E+004
7.3463410E-001	0.0000000E+000
7.3463410E-001	1.3622298E+004
7.3495859E-001	0.0000000E+000
7.3495859E-001	1.3627877E+004
7.3556942E-001	0.0000000E+000
7.3556942E-001	1.3635787E+004
7.3604655E-001	0.0000000E+000
7.3604655E-001	1.3639598E+004
7.3650467E-001	0.0000000E+000
7.3650467E-001	1.3646323E+004
7.3711544E-001	0.0000000E+000
7.3711544E-001	1.3648854E+004
7.3755449E-001	0.0000000E+000
7.3755449E-001	1.3653564E+004
7.3812711E-001	0.0000000E+000
7.3812711E-001	1.3656568E+004
7.3856610E-001	0.0000000E+000
7.3856610E-001	1.3658640E+004
7.3904330E-001	0.0000000E+000
7.3904330E-001	1.3662777E+004
7.3950136E-001	0.0000000E+000
7.3950136E-001	1.3666146E+004
7.4007398E-001	0.0000000E+000
7.4007398E-001	1.3672166E+004
7.4047482E-001	0.0000000E+000
7.4047482E-001	1.3686506E+004
7.4093294E-001	0.0000000E+000
7.4093294E-001	1.3692940E+004
7.4160099E-001	0.0000000E+000
7.4160099E-001	1.3698867E+004
7.4211633E-001	0.0000000E+000
7.4211633E-001	1.3705276E+004
7.4265081E-001	0.0000000E+000
7.4265081E-001	1.3708073E+004
7.4314708E-001	0.0000000E+000
7.4314708E-001	1.3710126E+004
7.4349064E-001	0.0000000E+000
7.4349064E-001	1.3717942E+004
7.4412054E-001	0.0000000E+000
7.4412054E-001	1.3720567E+004
7.4457860E-001	0.0000000E+000
7.4457860E-001	1.3724138E+004
7.4511307E-001	0.0000000E+000
7.4511307E-001	1.3723370E+004
7.4557114E-001	0.0000000E+000
7.4557114E-001	1.3724025E+004
7.4608648E-001	0.0000000E+000
7.4608648E-001	1.3731492E+004
7.4654460E-001	0.0000000E+000
7.4654460E-001	1.3736575E+004
7.4707907E-001	0.0000000E+000
7.4707907E-001	1.3744969E+004
7.4757534E-001	0.0000000E+000
7.4757534E-001	1.3745638E+004
7.4812883E-001	0.0000000E+000
7.4812883E-001	1.3746432E+004
7.4870145E-001	0.0000000E+000
7.4870145E-001	1.3749786E+004
7.4912137E-001	0.0000000E+000
7.4912137E-001	1.3749378E+004
7.4975127E-001	0.0000000E+000
7.4975127E-001	1.3752117E+004
7.5011390E-001	0.0000000E+000
7.5011390E-001	1.3751336E+004
7.5061017E-001	0.0000000E+000
7.5061017E-001	1.3759120E+004
7.5114465E-001	0.0000000E+000
7.5114465E-001	1.3761456E+004
7.5158364E-001	0.0000000E+000
7.5158364E-001	1.3764913E+004
7.5221354E-001	0.0000000E+000
7.5221354E-001	1.3769744E+004
7.5253803E-001	0.0000000E+000
7.5253803E-001	1.3768571E+004
7.5299609E-001	0.0000000E+000
7.5299609E-001	1.3771633E+004
7.5356871E-001	0.0000000E+000
7.5356871E-001	1.3775688E+004
7.5400776E-001	0.0000000E+000
7.5400776E-001	1.3779234E+004
7.5456131E-001	0.0000000E+000
7.5456131E-001	1.3779133E+004
7.5507665E-001	0.0000000E+000
7.5507665E-001	1.3781317E+004
7.5542021E-001	0.0000000E+000
7.5542021E-001	1.3782910E+004
7.5601190E-001	0.0000000E+000
7.5601190E-001	1.3782842E+004
7.5652725E-001	0.0000000E+000
7.5652725E-001	1.3785624E+004
7.5698537E-001	0.0000000E+000
7.5698537E-001	1.3781760E+004
7.5757706E-001	0.0000000E+000
7.5757706E-001	1.3778535E+004
7.5811154E-001	0.0000000E+000
7.5811154E-001	1.3778094E+004
7.5855052E-001	0.0000000E+000
7.5855052E-001	1.3773970E+004
7.5918043E-001	0.0000000E+000
7.5918043E-001	1.3768013E+004
7.5952399E-001	0.0000000E+000
7.5952399E-001	1.3768679E+004
7.6007754E-001	0.0000000E+000
7.6007754E-001	1.3751984E+004
7.6055467E-001	0.0000000E+000
7.6055467E-001	1.3750196E+004
7.6112729E-001	0.0000000E+000
7.6112729E-001	1.3747104E+004
7.6158541E-001	0.0000000E+000
7.6158541E-001	1.3745524E+004
7.6213896E-001	0.0000000E+000
7.6213896E-001	1.3738092E+004
7.6267338E-001	0.0000000E+000
7.6267338E-001	1.3736964E+004
7.6299787E-001	0.0000000E+000
7.6299787E-001	1.3750970E+004
7.6358956E-001	0.0000000E+000
7.6358956E-001	1.3754573E+004
7.6404768E-001	0.0000000E+000
7.6404768E-001	1.3755479E+004
7.6458210E-001	0.0000000E+000
7.6458210E-001	1.3758564E+004
7.6507837E-001	0.0000000E+000
7.6507837E-001	1.3747777E+004
7.6567012E-001	0.0000000E+000
7.6567012E-001	1.3746267E+004
7.6610911E-001	0.0000000E+000
7.6610911E-001	1.3741104E+004
7.6649088E-001	0.0000000E+000
7.6649088E-001	1.3744101E+004
7.6700622E-001	0.0000000E+000
7.6700622E-001	1.3739792E+004
7.6757884E-001	0.0000000E+000
7.6757884E-001	1.3738534E+004
7.6799875E-001	0.0000000E+000
7.6799875E-001	1.3727683E+004
7.6851410E-001	0.0000000E+000
7.6851410E-001	1.3718362E+004
7.6904857E-001	0.0000000E+000
7.6904857E-001	1.3708205E+004
7.6965934E-001	0.0000000E+000
7.6965934E-001	1.3693229E+004
7.7011746E-001	0.0000000E+000
7.7011746E-001	1.3679206E+004
7.7061373E-001	0.0000000E+000
7.7061373E-001	1.3670414E+004
7.7101457E-001	0.0000000E+000
7.7101457E-001	1.3659753E+004
7.7160627E-001	0.0000000E+000
7.7160627E-001	1.3654898E+004
7.7210253E-001	0.0000000E+000
7.7210253E-001	1.3642310E+004
7.7259880E-001	0.0000000E+000
7.7259880E-001	1.3643634E+004
7.7311414E-001	0.0000000E+000
7.7311414E-001	1.3633979E+004
7.7355313E-001	0.0000000E+000
7.7355313E-001	1.3623921E+004
7.7393490E-001	0.0000000E+000
7.7393490E-001	1.3613865E+004
7.7446938E-001	0.0000000E+000
7.7446938E-001	1.3609577E+004
7.7506107E-001	0.0000000E+000
7.7506107E-001	1.3606075E+004
7.7555734E-001	0.0000000E+000
7.7555734E-001	1.3597158E+004
7.7609175E-001	0.0000000E+000
7.7609175E-001	1.3593153E+004
7.7666438E-001	0.0000000E+000
7.7666438E-001	1.3588990E+004
7.7714157E-001	0.0000000E+000
7.7714157E-001	1.3585137E+004
7.7754241E-001	0.0000000E+000
7.7754241E-001	1.3583619E+004
7.7817231E-001	0.0000000E+000
7.7817231E-001	1.3582020E+004
7.7853495E-001	0.0000000E+000
7.7853495E-001	1.3574369E+004
7.7901214E-001	0.0000000E+000
7.7901214E-001	1.3558852E+004
7.7964205E-001	0.0000000E+000
7.7964205E-001	1.3551364E+004
7.8013831E-001	0.0000000E+000
7.8013831E-001	1.3538158E+004
7.8048187E-001	0.0000000E+000
7.8048187E-001	1.3523989E+004
7.8105450E-001	0.0000000E+000
7.8105450E-001	1.3515878E+004
7.8155077E-001	0.0000000E+000
7.8155077E-001	1.3503391E+004
7.8198975E-001	0.0000000E+000
7.8198975E-001	1.3496458E+004
7.8260058E-001	0.0000000E+000
7.8260058E-001	1.3477219E+004
7.8313500E-001	0.0000000E+000
7.8313500E-001	1.3457992E+004
7.8366947E-001	0.0000000E+000
7.8366947E-001	1.3450367E+004
7.8401303E-001	0.0000000E+000
7.8401303E-001	1.3443780E+004
7.8458565E-001	0.0000000E+000
7.8458565E-001	1.3427464E+004
7.8506279E-001	0.0000000E+000
7.8506279E-001	1.3418836E+004
7.8555906E-001	0.0000000E+000
7.8555906E-001	1.3417747E+004
7.8599811E-001	0.0000000E+000
7.8599811E-001	1.3412337E+004
7.8658980E-001	0.0000000E+000
7.8658980E-001	1.3402053E+004
7.8697157E-001	0.0000000E+000
7.8697157E-001	1.3399528E+004
7.8756326E-001	0.0000000E+000
7.8756326E-001	1.3382091E+004
7.8800225E-001	0.0000000E+000
7.8800225E-001	1.3364503E+004
7.8859395E-001	0.0000000E+000
7.8859395E-001	1.3358811E+004
7.8907114E-001	0.0000000E+000
7.8907114E-001	1.3346359E+004
7.8947198E-001	0.0000000E+000
7.8947198E-001	1.3334792E+004
7.9015911E-001	0.0000000E+000
7.9015911E-001	1.3328331E+004
7.9044545E-001	0.0000000E+000
7.9044545E-001	1.3303728E+004
7.9103714E-001	0.0000000E+000
7.9103714E-001	1.3288651E+004
7.9162884E-001	0.0000000E+000
7.9162884E-001	1.3282403E+004
7.9195333E-001	0.0000000E+000
7.9195333E-001	1.3260735E+004
7.9256415E-001	0.0000000E+000
7.9256415E-001	1.3249752E+004
7.9298407E-001	0.0000000E+000
7.9298407E-001	1.3226957E+004
7.9359484E-001	0.0000000E+000
7.9359484E-001	1.3204759E+004
7.9401475E-001	0.0000000E+000
7.9401475E-001	1.3191214E+004
7.9470193E-001	0.0000000E+000
7.9470193E-001	1.3179171E+004
7.9506457E-001	0.0000000E+000
7.9506457E-001	1.3159783E+004
7.9542720E-001	0.0000000E+000
7.9542720E-001	1.3144153E+004
7.9603803E-001	0.0000000E+000
7.9603803E-001	1.3130928E+004
7.9647702E-001	0.0000000E+000
7.9647702E-001	1.3122691E+004
7.9697329E-001	0.0000000E+000
7.9697329E-001	1.3109869E+004
7.9758412E-001	0.0000000E+000
7.9758412E-001	1.3100304E+004
7.9808038E-001	0.0000000E+000
7.9808038E-001	1.3094786E+004
7.9855758E-001	0.0000000E+000
7.9855758E-001	1.3091009E+004
7.9905385E-001	0.0000000E+000
7.9905385E-001	1.3074391E+004
7.9960734E-001	0.0000000E+000
7.9960734E-001	1.3062192E+004
8.0006546E-001	0.0000000E+000
8.0006546E-001	1.3041562E+004
8.0056173E-001	0.0000000E+000
8.0056173E-001	1.3026839E+004
8.0101979E-001	0.0000000E+000
8.0101979E-001	1.3006807E+004
8.0155426E-001	0.0000000E+000
8.0155426E-001	1.2983400E+004
8.0214596E-001	0.0000000E+000
8.0214596E-001	1.2952909E+004
8.0250865E-001	0.0000000E+000
8.0250865E-001	1.2921473E+004
8.0310035E-001	0.0000000E+000
8.0310035E-001	1.2901384E+004
8.0357754E-001	0.0000000E+000
8.0357754E-001	1.2880967E+004
8.0409288E-001	0.0000000E+000
8.0409288E-001	1.2856547E+004
8.0451280E-001	0.0000000E+000
8.0451280E-001	1.2843549E+004
8.0506635E-001	0.0000000E+000
8.0506635E-001	1.2824757E+004
8.0561984E-001	0.0000000E+000
8.0561984E-001	1.2809113E+004
8.0605888E-001	0.0000000E+000
8.0605888E-001	1.2791330E+004
8.0642152E-001	0.0000000E+000
8.0642152E-001	1.2763987E+004
8.0714685E-001	0.0000000E+000
8.0714685E-001	1.2751759E+004
8.0764312E-001	0.0000000E+000
8.0764312E-001	1.2742476E+004
8.0808210E-001	0.0000000E+000
8.0808210E-001	1.2727279E+004
8.0861658E-001	0.0000000E+000
8.0861658E-001	1.2708198E+004
8.0901742E-001	0.0000000E+000
8.0901742E-001	1.2683597E+004
8.0953276E-001	0.0000000E+000
8.0953276E-001	1.2681290E+004
8.1002903E-001	0.0000000E+000
8.1002903E-001	1.2674402E+004
8.1058258E-001	0.0000000E+000
8.1058258E-001	1.2653633E+004
8.1109792E-001	0.0000000E+000
8.1109792E-001	1.2642455E+004
8.1157511E-001	0.0000000E+000
8.1157511E-001	1.2618449E+004
8.1205231E-001	0.0000000E+000
8.1205231E-001	1.2584237E+004
8.1258672E-001	0.0000000E+000
8.1258672E-001	1.2571288E+004
8.1302577E-001	0.0000000E+000
8.1302577E-001	1.2550810E+004
8.1348383E-001	0.0000000E+000
8.1348383E-001	1.2530395E+004
8.1407553E-001	0.0000000E+000
8.1407553E-001	1.2512334E+004
8.1459093E-001	0.0000000E+000
8.1459093E-001	1.2491565E+004
8.1506807E-001	0.0000000E+000
8.1506807E-001	1.2473146E+004
8.1552619E-001	0.0000000E+000
8.1552619E-001	1.2460684E+004
8.1617516E-001	0.0000000E+000
8.1617516E-001	1.2455060E+004
8.1655687E-001	0.0000000E+000
8.1655687E-001	1.2436489E+004
8.1707227E-001	0.0000000E+000
8.1707227E-001	1.2413586E+004
8.1743491E-001	0.0000000E+000
8.1743491E-001	1.2393149E+004
8.1812203E-001	0.0000000E+000
8.1812203E-001	1.2367620E+004
8.1858015E-001	0.0000000E+000
8.1858015E-001	1.2347935E+004
8.1911463E-001	0.0000000E+000
8.1911463E-001	1.2325592E+004
8.1961089E-001	0.0000000E+000
8.1961089E-001	1.2299257E+004
8.2008803E-001	0.0000000E+000
8.2008803E-001	1.2275805E+004
8.2058430E-001	0.0000000E+000
8.2058430E-001	1.2248361E+004
8.2104242E-001	0.0000000E+000
8.2104242E-001	1.2230294E+004
8.2153869E-001	0.0000000E+000
8.2153869E-001	1.2197654E+004
8.2211131E-001	0.0000000E+000
8.2211131E-001	1.2179316E+004
8.2256943E-001	0.0000000E+000
8.2256943E-001	1.2167818E+004
8.2318020E-001	0.0000000E+000
8.2318020E-001	1.2127296E+004
8.2350469E-001	0.0000000E+000
8.2350469E-001	1.2105097E+004
8.2402003E-001	0.0000000E+000
8.2402003E-001	1.2084157E+004
8.2463086E-001	0.0000000E+000
8.2463086E-001	1.2060329E+004
8.2495534E-001	0.0000000E+000
8.2495534E-001	1.2044843E+004
8.2568061E-001	0.0000000E+000
8.2568061E-001	1.2031575E+004
8.2600510E-001	0.0000000E+000
8.2600510E-001	1.2022740E+004
8.2671136E-001	0.0000000E+000
8.2671136E-001	1.2016418E+004
8.2716942E-001	0.0000000E+000
8.2716942E-001	1.1993570E+004
8.2768482E-001	0.0000000E+000
8.2768482E-001	1.1970251E+004
8.2818109E-001	0.0000000E+000
8.2818109E-001	1.1946088E+004
8.2862008E-001	0.0000000E+000
8.2862008E-001	1.1928280E+004
8.2903999E-001	0.0000000E+000
8.2903999E-001	1.1905225E+004
8.2963169E-001	0.0000000E+000
8.2963169E-001	1.1884908E+004
8.3003253E-001	0.0000000E+000
8.3003253E-001	1.1871183E+004
8.3062428E-001	0.0000000E+000
8.3062428E-001	1.1844663E+004
8.3110142E-001	0.0000000E+000
8.3110142E-001	1.1817295E+004
8.3150226E-001	0.0000000E+000
8.3150226E-001	1.1803466E+004
8.3197945E-001	0.0000000E+000
8.3197945E-001	1.1782597E+004
8.3255208E-001	0.0000000E+000
8.3255208E-001	1.1764359E+004
8.3308649E-001	0.0000000E+000
8.3308649E-001	1.1745619E+004
8.3354461E-001	0.0000000E+000
8.3354461E-001	1.1724643E+004
8.3404088E-001	0.0000000E+000
8.3404088E-001	1.1700146E+004
8.3463258E-001	0.0000000E+000
8.3463258E-001	1.1684277E+004
8.3512884E-001	0.0000000E+000
8.3512884E-001	1.1657606E+004
8.3568239E-001	0.0000000E+000
8.3568239E-001	1.1638237E+004
8.3606416E-001	0.0000000E+000
8.3606416E-001	1.1609955E+004
8.3657950E-001	0.0000000E+000
8.3657950E-001	1.1579671E+004
8.3699942E-001	0.0000000E+000
8.3699942E-001	1.1547253E+004
8.3762932E-001	0.0000000E+000
8.3762932E-001	1.1516722E+004
8.3799195E-001	0.0000000E+000
8.3799195E-001	1.1524985E+004
8.3839279E-001	0.0000000E+000
8.3839279E-001	1.1510847E+004
8.3892721E-001	0.0000000E+000
8.3892721E-001	1.1496390E+004
8.3953804E-001	0.0000000E+000
8.3953804E-001	1.1474165E+004
8.3990067E-001	0.0000000E+000
8.3990067E-001	1.1445129E+004
8.4056872E-001	0.0000000E+000
8.4056872E-001	1.1419712E+004
8.4100777E-001	0.0000000E+000
8.4100777E-001	1.1403057E+004
8.4150404E-001	0.0000000E+000
8.4150404E-001	1.1379918E+004
8.4196210E-001	0.0000000E+000
8.4196210E-001	1.1355284E+004
8.4247750E-001	0.0000000E+000
8.4247750E-001	1.1349730E+004
8.4291649E-001	0.0000000E+000
8.4291649E-001	1.1323344E+004
8.4350818E-001	0.0000000E+000
8.4350818E-001	1.1296247E+004
8.4398538E-001	0.0000000E+000
8.4398538E-001	1.1267424E+004
8.4446257E-001	0.0000000E+000
8.4446257E-001	1.1247669E+004
8.4505427E-001	0.0000000E+000
8.4505427E-001	1.1230690E+004
8.4558868E-001	0.0000000E+000
8.4558868E-001	1.1204299E+004
8.4604681E-001	0.0000000E+000
8.4604681E-001	1.1200937E+004
8.4650493E-001	0.0000000E+000
8.4650493E-001	1.1176648E+004
8.4686756E-001	0.0000000E+000
8.4686756E-001	1.1152925E+004
8.4755468E-001	0.0000000E+000
8.4755468E-001	1.1122288E+004
8.4789830E-001	0.0000000E+000
8.4789830E-001	1.1104058E+004
8.4850907E-001	0.0000000E+000
8.4850907E-001	1.1091507E+004
8.4889084E-001	0.0000000E+000
8.4889084E-001	1.1078220E+004
8.4950161E-001	0.0000000E+000
8.4950161E-001	1.1057923E+004
8.4994060E-001	0.0000000E+000
8.4994060E-001	1.1036034E+004