Parameter
Dark :   483.0000     0.0000     0.0000
Block Parameter
4
Block ID-Seq Start-Pulse End-Pulse   Step Time/s   Num
    1      1      991190    993740    300    1.0    10
    2      1      993740   1001627    110    1.0    73
    3      1     1001627   1005985     55    1.0    81
    4      1     1005985   1008765    125    1.0    24
Sample Position
+75 +134 +143643 +4624000

991190	665.056	3523.0000	26378.0000	0.1336
991490	664.464	3471.0000	26160.0000	0.1327
991790	663.873	3447.0000	26181.0000	0.1317
992090	663.283	3410.0000	26136.0000	0.1305
992390	662.694	3371.0000	26079.0000	0.1293
992690	662.105	3344.0000	26057.0000	0.1283
992990	661.518	3322.0000	25990.0000	0.1278
993290	660.932	3318.0000	25940.0000	0.1279
993590	660.347	3327.0000	25901.0000	0.1285
993740	660.055	3337.0000	25876.0000	0.1290
993740	660.055	3333.0000	25874.0000	0.1288
993850	659.841	3343.0000	25853.0000	0.1293
993960	659.627	3357.0000	25844.0000	0.1299
994070	659.414	3373.0000	25824.0000	0.1306
994180	659.200	3396.0000	25810.0000	0.1316
994290	658.986	3417.0000	25794.0000	0.1325
994400	658.773	3445.0000	25775.0000	0.1337
994510	658.560	3478.0000	25760.0000	0.1350
994620	658.347	3510.0000	25741.0000	0.1364
994730	658.134	3549.0000	25726.0000	0.1380
994840	657.921	3591.0000	25677.0000	0.1399
994950	657.708	3641.0000	25656.0000	0.1419
995060	657.496	3702.0000	25655.0000	0.1443
995170	657.284	3775.0000	25638.0000	0.1472
995280	657.071	3860.0000	25623.0000	0.1506
995390	656.859	3960.0000	25604.0000	0.1547
995500	656.647	4084.0000	25589.0000	0.1596
995610	656.435	4239.0000	25571.0000	0.1658
995720	656.224	4422.0000	25550.0000	0.1731
995830	656.012	4643.0000	25535.0000	0.1818
995940	655.801	4890.0000	25517.0000	0.1916
996050	655.589	5148.0000	25502.0000	0.2019
996160	655.378	5416.0000	25494.0000	0.2124
996270	655.167	5686.0000	25515.0000	0.2228
996380	654.956	5881.0000	25457.0000	0.2310
996490	654.746	6062.0000	25442.0000	0.2383
996600	654.535	6201.0000	25390.0000	0.2442
996710	654.325	6323.0000	25373.0000	0.2492
996820	654.114	6427.0000	25357.0000	0.2535
996930	653.904	6495.0000	25341.0000	0.2563
997040	653.694	6507.0000	25329.0000	0.2569
997150	653.484	6455.0000	25308.0000	0.2551
997260	653.274	6412.0000	25291.0000	0.2535
997370	653.065	6343.0000	25270.0000	0.2510
997480	652.855	6161.0000	25244.0000	0.2441
997590	652.646	5929.0000	25231.0000	0.2350
997700	652.436	5689.0000	25211.0000	0.2257
997810	652.227	5421.0000	25194.0000	0.2152
997920	652.018	5173.0000	25145.0000	0.2057
998030	651.809	4989.0000	25131.0000	0.1985
998140	651.601	4790.0000	25113.0000	0.1907
998250	651.392	4499.0000	25091.0000	0.1793
998360	651.184	4168.0000	25070.0000	0.1663
998470	650.975	3891.0000	25043.0000	0.1554
998580	650.767	3691.0000	25036.0000	0.1474
998690	650.559	3527.0000	25012.0000	0.1410
998800	650.351	3352.0000	24992.0000	0.1341
998910	650.143	3203.0000	24934.0000	0.1285
999020	649.936	3124.0000	24913.0000	0.1254
999130	649.728	3092.0000	24899.0000	0.1242
999240	649.521	3077.0000	24878.0000	0.1237
999350	649.313	3080.0000	24859.0000	0.1239
999460	649.106	3092.0000	24831.0000	0.1245
999570	648.899	3116.0000	24815.0000	0.1256
999680	648.693	3143.0000	24788.0000	0.1268
999790	648.486	3176.0000	24731.0000	0.1284
999900	648.279	3217.0000	24713.0000	0.1302
1000010	648.073	3266.0000	24701.0000	0.1322
1000120	647.866	3323.0000	24679.0000	0.1346
1000230	647.660	3388.0000	24658.0000	0.1374
1000340	647.454	3466.0000	24638.0000	0.1407
1000450	647.248	3552.0000	24613.0000	0.1443
1000560	647.042	3652.0000	24560.0000	0.1487
1000670	646.837	3769.0000	24550.0000	0.1535
1000780	646.631	3907.0000	24526.0000	0.1593
1000890	646.426	4070.0000	24507.0000	0.1661
1001000	646.220	4241.0000	24487.0000	0.1732
1001110	646.015	4444.0000	24471.0000	0.1816
1001220	645.810	4668.0000	24443.0000	0.1910
1001330	645.605	4920.0000	24385.0000	0.2018
1001440	645.401	5217.0000	24359.0000	0.2142
1001550	645.196	5548.0000	24333.0000	0.2280
1001627	645.053	5788.0000	24307.0000	0.2381
1001627	645.053	5773.0000	24305.0000	0.2375
1001682	644.950	5943.0000	24299.0000	0.2446
1001737	644.848	6119.0000	24297.0000	0.2518
1001792	644.746	6292.0000	24287.0000	0.2591
1001847	644.644	6470.0000	24278.0000	0.2665
1001902	644.542	6650.0000	24268.0000	0.2740
1001957	644.440	6838.0000	24264.0000	0.2818
1002012	644.338	7032.0000	24259.0000	0.2899
1002067	644.236	7224.0000	24247.0000	0.2979
1002122	644.134	7398.0000	24206.0000	0.3056
1002177	644.032	7561.0000	24199.0000	0.3125
1002232	643.930	7692.0000	24186.0000	0.3180
1002287	643.828	7789.0000	24177.0000	0.3222
1002342	643.726	7844.0000	24174.0000	0.3245
1002397	643.625	7859.0000	24165.0000	0.3252
1002452	643.523	7839.0000	24158.0000	0.3245
1002507	643.421	7794.0000	24151.0000	0.3227
1002562	643.319	7735.0000	24145.0000	0.3204
1002617	643.218	7664.0000	24134.0000	0.3176
1002672	643.116	7599.0000	24126.0000	0.3150
1002727	643.014	7532.0000	24081.0000	0.3128
1002782	642.913	7490.0000	24074.0000	0.3111
1002837	642.811	7457.0000	24058.0000	0.3100
1002892	642.710	7434.0000	24056.0000	0.3090
1002947	642.608	7398.0000	24050.0000	0.3076
1003002	642.507	7346.0000	24042.0000	0.3055
1003057	642.405	7283.0000	24044.0000	0.3029
1003112	642.304	7205.0000	24037.0000	0.2997
1003167	642.203	7130.0000	24028.0000	0.2967
1003222	642.101	7082.0000	24021.0000	0.2948
1003277	642.000	7073.0000	24013.0000	0.2945
1003332	641.899	7067.0000	23969.0000	0.2948
1003387	641.798	7038.0000	23960.0000	0.2937
1003442	641.696	6944.0000	23952.0000	0.2899
1003497	641.595	6833.0000	23944.0000	0.2854
1003552	641.494	6844.0000	23937.0000	0.2859
1003607	641.393	7065.0000	23924.0000	0.2953
1003662	641.292	7320.0000	23918.0000	0.3060
1003717	641.191	7334.0000	23908.0000	0.3068
1003772	641.090	7058.0000	23910.0000	0.2952
1003827	640.989	6654.0000	23902.0000	0.2784
1003882	640.888	6293.0000	23862.0000	0.2637
1003937	640.787	6112.0000	23855.0000	0.2562
1003992	640.686	6085.0000	23849.0000	0.2551
1004047	640.585	6108.0000	23846.0000	0.2561
1004102	640.484	6056.0000	23838.0000	0.2540
1004157	640.384	5789.0000	23833.0000	0.2429
1004212	640.283	5281.0000	23822.0000	0.2217
1004267	640.182	4699.0000	23810.0000	0.1974
1004322	640.082	4232.0000	23800.0000	0.1778
1004377	639.981	3871.0000	23754.0000	0.1630
1004432	639.880	3520.0000	23757.0000	0.1482
1004487	639.780	3167.0000	23747.0000	0.1334
1004542	639.679	2900.0000	23741.0000	0.1222
1004597	639.579	2732.0000	23728.0000	0.1151
1004652	639.478	2603.0000	23726.0000	0.1097
1004707	639.378	2470.0000	23719.0000	0.1041
1004762	639.277	2333.0000	23711.0000	0.0984
1004817	639.177	2227.0000	23705.0000	0.0939
1004872	639.076	2153.0000	23702.0000	0.0908
1004927	638.976	2090.0000	23660.0000	0.0883
1004982	638.876	2024.0000	23656.0000	0.0856
1005037	638.775	1961.0000	23646.0000	0.0829
1005092	638.675	1912.0000	23636.0000	0.0809
1005147	638.575	1881.0000	23641.0000	0.0796
1005202	638.475	1860.0000	23636.0000	0.0787
1005257	638.375	1843.0000	23627.0000	0.0780
1005312	638.275	1829.0000	23623.0000	0.0774
1005367	638.174	1819.0000	23615.0000	0.0770
1005422	638.074	1805.0000	23573.0000	0.0766
1005477	637.974	1798.0000	23566.0000	0.0763
1005532	637.874	1793.0000	23557.0000	0.0761
1005587	637.774	1786.0000	23552.0000	0.0758
1005642	637.674	1781.0000	23551.0000	0.0756
1005697	637.575	1778.0000	23544.0000	0.0755
1005752	637.475	1772.0000	23537.0000	0.0753
1005807	637.375	1771.0000	23543.0000	0.0752
1005862	637.275	1764.0000	23500.0000	0.0751
1005917	637.175	1761.0000	23496.0000	0.0749
1005972	637.076	1756.0000	23486.0000	0.0748
1005985	637.052	1757.0000	23493.0000	0.0748
1005985	637.052	1759.0000	23491.0000	0.0749
1006110	636.825	1751.0000	23460.0000	0.0746
1006235	636.599	1747.0000	23461.0000	0.0745
1006360	636.373	1741.0000	23450.0000	0.0742
1006485	636.147	1734.0000	23407.0000	0.0741
1006610	635.921	1731.0000	23397.0000	0.0740
1006735	635.695	1724.0000	23369.0000	0.0738
1006860	635.469	1724.0000	23361.0000	0.0738
1006985	635.244	1719.0000	23316.0000	0.0737
1007110	635.019	1715.0000	23305.0000	0.0736
1007235	634.794	1710.0000	23261.0000	0.0735
1007360	634.569	1711.0000	23251.0000	0.0736
1007485	634.344	1704.0000	23202.0000	0.0734
1007610	634.119	1702.0000	23193.0000	0.0734
1007735	633.895	1700.0000	23155.0000	0.0734
1007860	633.671	1697.0000	23139.0000	0.0733
1007985	633.446	1694.0000	23097.0000	0.0733
1008110	633.222	1694.0000	23086.0000	0.0734
1008235	632.999	1693.0000	23057.0000	0.0734
1008360	632.775	1691.0000	23045.0000	0.0734
1008485	632.551	1689.0000	23004.0000	0.0734
1008610	632.328	1688.0000	22996.0000	0.0734
1008735	632.105	1685.0000	22962.0000	0.0734
1008765	632.051	1687.0000	22964.0000	0.0735
