Parameter
Dark :   483.0000     0.0000     0.0000
Block Parameter
4
Block ID-Seq Start-Pulse End-Pulse   Step Time/s   Num
    1      1      991190    993740    300    1.0    10
    2      1      993740   1001627    110    1.0    73
    3      1     1001627   1005985     55    1.0    81
    4      1     1005985   1008765    125    1.0    24
Sample Position
-492 +129 +143643 +4624000

991190	665.056	3540.0000	26255.0000	0.1348
991490	664.464	3493.0000	26036.0000	0.1342
991790	663.873	3480.0000	26067.0000	0.1335
992090	663.283	3446.0000	26018.0000	0.1324
992390	662.694	3414.0000	25973.0000	0.1314
992690	662.105	3394.0000	25962.0000	0.1307
992990	661.518	3375.0000	25904.0000	0.1303
993290	660.932	3373.0000	25843.0000	0.1305
993590	660.347	3388.0000	25821.0000	0.1312
993740	660.055	3398.0000	25785.0000	0.1318
993740	660.055	3399.0000	25786.0000	0.1318
993850	659.841	3411.0000	25763.0000	0.1324
993960	659.627	3427.0000	25750.0000	0.1331
994070	659.414	3446.0000	25742.0000	0.1339
994180	659.200	3473.0000	25739.0000	0.1349
994290	658.986	3497.0000	25716.0000	0.1360
994400	658.773	3525.0000	25697.0000	0.1372
994510	658.560	3563.0000	25686.0000	0.1387
994620	658.347	3600.0000	25670.0000	0.1402
994730	658.134	3644.0000	25653.0000	0.1420
994840	657.921	3687.0000	25604.0000	0.1440
994950	657.708	3746.0000	25589.0000	0.1464
995060	657.496	3812.0000	25581.0000	0.1490
995170	657.284	3886.0000	25565.0000	0.1520
995280	657.071	3976.0000	25551.0000	0.1556
995390	656.859	4085.0000	25526.0000	0.1600
995500	656.647	4219.0000	25522.0000	0.1653
995610	656.435	4376.0000	25501.0000	0.1716
995720	656.224	4572.0000	25494.0000	0.1793
995830	656.012	4803.0000	25478.0000	0.1885
995940	655.801	5062.0000	25462.0000	0.1988
996050	655.589	5345.0000	25456.0000	0.2100
996160	655.378	5629.0000	25434.0000	0.2213
996270	655.167	5908.0000	25419.0000	0.2324
996380	654.956	6148.0000	25400.0000	0.2420
996490	654.746	6349.0000	25390.0000	0.2501
996600	654.535	6514.0000	25337.0000	0.2571
996710	654.325	6664.0000	25317.0000	0.2632
996820	654.114	6794.0000	25307.0000	0.2685
996930	653.904	6881.0000	25290.0000	0.2721
997040	653.694	6901.0000	25278.0000	0.2730
997150	653.484	6863.0000	25266.0000	0.2716
997260	653.274	6829.0000	25248.0000	0.2705
997370	653.065	6760.0000	25224.0000	0.2680
997480	652.855	6575.0000	25205.0000	0.2609
997590	652.646	6324.0000	25181.0000	0.2511
997700	652.436	6057.0000	25160.0000	0.2407
997810	652.227	5773.0000	25145.0000	0.2296
997920	652.018	5511.0000	25087.0000	0.2197
998030	651.809	5319.0000	25084.0000	0.2120
998140	651.601	5099.0000	25065.0000	0.2034
998250	651.392	4782.0000	25046.0000	0.1909
998360	651.184	4419.0000	25024.0000	0.1766
998470	650.975	4121.0000	25004.0000	0.1648
998580	650.767	3900.0000	24986.0000	0.1561
998690	650.559	3715.0000	24959.0000	0.1488
998800	650.351	3532.0000	24942.0000	0.1416
998910	650.143	3376.0000	24889.0000	0.1356
999020	649.936	3293.0000	24870.0000	0.1324
999130	649.728	3248.0000	24846.0000	0.1307
999240	649.521	3233.0000	24830.0000	0.1302
999350	649.313	3233.0000	24807.0000	0.1303
999460	649.106	3244.0000	24790.0000	0.1309
999570	648.899	3262.0000	24767.0000	0.1317
999680	648.693	3292.0000	24746.0000	0.1330
999790	648.486	3322.0000	24690.0000	0.1345
999900	648.279	3366.0000	24670.0000	0.1364
1000010	648.073	3418.0000	24652.0000	0.1387
1000120	647.866	3476.0000	24636.0000	0.1411
1000230	647.660	3545.0000	24616.0000	0.1440
1000340	647.454	3624.0000	24588.0000	0.1474
1000450	647.248	3715.0000	24570.0000	0.1512
1000560	647.042	3818.0000	24511.0000	0.1558
1000670	646.837	3947.0000	24495.0000	0.1611
1000780	646.631	4097.0000	24479.0000	0.1674
1000890	646.426	4262.0000	24457.0000	0.1743
1001000	646.220	4446.0000	24440.0000	0.1819
1001110	646.015	4661.0000	24417.0000	0.1909
1001220	645.810	4901.0000	24398.0000	0.2009
1001330	645.605	5172.0000	24338.0000	0.2125
1001440	645.401	5492.0000	24312.0000	0.2259
1001550	645.196	5847.0000	24286.0000	0.2408
1001627	645.053	6115.0000	24266.0000	0.2520
1001627	645.053	6120.0000	24265.0000	0.2522
1001682	644.950	6309.0000	24256.0000	0.2601
1001737	644.848	6506.0000	24254.0000	0.2682
1001792	644.746	6702.0000	24245.0000	0.2764
1001847	644.644	6895.0000	24232.0000	0.2845
1001902	644.542	7105.0000	24222.0000	0.2933
1001957	644.440	7312.0000	24211.0000	0.3020
1002012	644.338	7532.0000	24202.0000	0.3112
1002067	644.236	7752.0000	24195.0000	0.3204
1002122	644.134	7949.0000	24153.0000	0.3291
1002177	644.032	8132.0000	24144.0000	0.3368
1002232	643.930	8289.0000	24134.0000	0.3435
1002287	643.828	8408.0000	24127.0000	0.3485
1002342	643.726	8480.0000	24116.0000	0.3516
1002397	643.625	8507.0000	24109.0000	0.3529
1002452	643.523	8495.0000	24103.0000	0.3524
1002507	643.421	8453.0000	24098.0000	0.3508
1002562	643.319	8387.0000	24086.0000	0.3482
1002617	643.218	8314.0000	24079.0000	0.3453
1002672	643.116	8244.0000	24074.0000	0.3424
1002727	643.014	8170.0000	24029.0000	0.3400
1002782	642.913	8133.0000	24026.0000	0.3385
1002837	642.811	8101.0000	24019.0000	0.3373
1002892	642.710	8067.0000	24009.0000	0.3360
1002947	642.608	8029.0000	24006.0000	0.3345
1003002	642.507	7971.0000	23999.0000	0.3321
1003057	642.405	7903.0000	23998.0000	0.3293
1003112	642.304	7812.0000	23996.0000	0.3256
1003167	642.203	7724.0000	23988.0000	0.3220
1003222	642.101	7666.0000	23980.0000	0.3197
1003277	642.000	7646.0000	23968.0000	0.3190
1003332	641.899	7637.0000	23928.0000	0.3192
1003387	641.798	7599.0000	23918.0000	0.3177
1003442	641.696	7499.0000	23915.0000	0.3136
1003497	641.595	7385.0000	23910.0000	0.3089
1003552	641.494	7398.0000	23900.0000	0.3095
1003607	641.393	7634.0000	23896.0000	0.3195
1003662	641.292	7907.0000	23891.0000	0.3310
1003717	641.191	7923.0000	23882.0000	0.3318
1003772	641.090	7630.0000	23882.0000	0.3195
1003827	640.989	7189.0000	23876.0000	0.3011
1003882	640.888	6783.0000	23835.0000	0.2846
1003937	640.787	6567.0000	23831.0000	0.2756
1003992	640.686	6514.0000	23820.0000	0.2735
1004047	640.585	6520.0000	23813.0000	0.2738
1004102	640.484	6452.0000	23806.0000	0.2710
1004157	640.384	6156.0000	23795.0000	0.2587
1004212	640.283	5605.0000	23790.0000	0.2356
1004267	640.182	4993.0000	23772.0000	0.2100
1004322	640.082	4491.0000	23762.0000	0.1890
1004377	639.981	4106.0000	23723.0000	0.1731
1004432	639.880	3722.0000	23722.0000	0.1569
1004487	639.780	3346.0000	23715.0000	0.1411
1004542	639.679	3063.0000	23702.0000	0.1292
1004597	639.579	2883.0000	23702.0000	0.1216
1004652	639.478	2743.0000	23688.0000	0.1158
1004707	639.378	2604.0000	23686.0000	0.1099
1004762	639.277	2455.0000	23676.0000	0.1037
1004817	639.177	2339.0000	23666.0000	0.0988
1004872	639.076	2262.0000	23662.0000	0.0956
1004927	638.976	2191.0000	23622.0000	0.0928
1004982	638.876	2118.0000	23613.0000	0.0897
1005037	638.775	2052.0000	23607.0000	0.0869
1005092	638.675	2003.0000	23599.0000	0.0849
1005147	638.575	1970.0000	23600.0000	0.0835
1005202	638.475	1948.0000	23602.0000	0.0825
1005257	638.375	1930.0000	23592.0000	0.0818
1005312	638.275	1913.0000	23585.0000	0.0811
1005367	638.174	1898.0000	23579.0000	0.0805
1005422	638.074	1885.0000	23538.0000	0.0801
1005477	637.974	1876.0000	23532.0000	0.0797
1005532	637.874	1867.0000	23524.0000	0.0794
1005587	637.774	1859.0000	23512.0000	0.0791
1005642	637.674	1852.0000	23514.0000	0.0788
1005697	637.575	1846.0000	23506.0000	0.0785
1005752	637.475	1840.0000	23498.0000	0.0783
1005807	637.375	1835.0000	23500.0000	0.0781
1005862	637.275	1828.0000	23465.0000	0.0779
1005917	637.175	1825.0000	23459.0000	0.0778
1005972	637.076	1822.0000	23457.0000	0.0777
1005985	637.052	1819.0000	23465.0000	0.0775
1005985	637.052	1819.0000	23461.0000	0.0775
1006110	636.825	1811.0000	23434.0000	0.0773
1006235	636.599	1805.0000	23430.0000	0.0770
1006360	636.373	1799.0000	23418.0000	0.0768
1006485	636.147	1791.0000	23379.0000	0.0766
1006610	635.921	1788.0000	23367.0000	0.0765
1006735	635.695	1781.0000	23336.0000	0.0763
1006860	635.469	1777.0000	23323.0000	0.0762
1006985	635.244	1772.0000	23281.0000	0.0761
1007110	635.019	1772.0000	23271.0000	0.0761
1007235	634.794	1766.0000	23232.0000	0.0760
1007360	634.569	1764.0000	23222.0000	0.0760
1007485	634.344	1758.0000	23178.0000	0.0758
1007610	634.119	1759.0000	23168.0000	0.0759
1007735	633.895	1754.0000	23123.0000	0.0759
1007860	633.671	1752.0000	23118.0000	0.0758
1007985	633.446	1749.0000	23073.0000	0.0758
1008110	633.222	1747.0000	23071.0000	0.0757
1008235	632.999	1745.0000	23027.0000	0.0758
1008360	632.775	1745.0000	23032.0000	0.0758
1008485	632.551	1742.0000	22994.0000	0.0758
1008610	632.328	1741.0000	22987.0000	0.0757
1008735	632.105	1738.0000	22949.0000	0.0757
1008765	632.051	1739.0000	22957.0000	0.0758
