505	214672.3964
505.02	214398.9365
505.04	214329.1457
505.06	214840.6422
505.08	215326.7481
505.1	214524.0044
505.12	214370.3863
505.14	214013.9804
505.16	214253.3625
505.18	214732.6341
505.2	214216.1029
505.22	213517.4668
505.24	214086.3878
505.26	214170.991
505.28	215134.6876
505.3	214691.0554
505.32	213040.3673
505.34	211833.119
505.36	211639.3675
505.38	212605.0663
505.4	214242.2607
505.42	215130.8819
505.44	215097.5056
505.46	215113.68
505.48	214275.9959
505.5	212507.8821
505.52	210702.4041
505.54	211381.5299
505.56	212519.326
505.58	213660.2785
505.6	213171.3052
505.62	212536.6674
505.64	212494.5415
505.66	213543.0405
505.68	213786.2648
505.7	213765.9828
505.72	213690.1795
505.74	212956.3483
505.76	213348.8227
505.78	213435.0439
505.8	213062.9293
505.82	211695.1731
505.84	210481.2088
505.86	211045.8104
505.88	209958.8405
505.9	208738.561
505.92	209231.8261
505.94	209999.6419
505.96	211067.2438
505.98	212288.4562
506	212264.2904
506.02	211806.4332
506.04	212735.9257
506.06	213049.4404
506.08	213157.4707
506.1	211633.6554
506.12	209888.5518
506.14	209030.8546
506.16	208642.982
506.18	208586.8171
506.2	209594.826
506.22	211561.9474
506.24	212103.1669
506.26	211216.4103
506.28	210448.4341
506.3	209922.4737
506.32	210341.4844
506.34	211758.2022
506.36	211974.7314
506.38	212296.6744
506.4	213426.9985
506.42	213741.7553
506.44	214167.0978
506.46	214990.5022
506.48	214866.2299
506.5	214354.0487
506.52	214422.7171
506.54	215459.0912
506.56	216206.5147
506.58	218000.2646
506.6	220393.9211
506.62	222643.737
506.64	223231.4626
506.66	222146.849
506.68	223139.6096
506.7	224179.9713
506.72	224212.6712
506.74	224954.8965
506.76	226729.1732
506.78	229246.0649
506.8	230875.7655
506.82	231734.6039
506.84	232171.0622
506.86	232674.4767
506.88	234514.4392
506.9	235932.1059
506.92	236728.9621
506.94	239129.6017
506.96	241443.2052
506.98	244258.2169
507	245692.9506
507.02	247232.0375
507.04	249703.4156
507.06	252964.8852
507.08	254872.2313
507.1	256653.1205
507.12	260674.5012
507.14	265060.4463
507.16	270034.7368
507.18	272514.6638
507.2	275562.1471
507.22	281456.6599
507.24	287541.2208
507.26	291130.0835
507.28	295533.6591
507.3	301777.7631
507.32	307571.7716
507.34	315149.7089
507.36	323069.8783
507.38	330467.7423
507.4	338423.4109
507.42	347954.6824
507.44	359004.905
507.46	369253.5237
507.48	379325.5276
507.5	390940.6361
507.52	406810.155
507.54	421994.1414
507.56	436697.0114
507.58	453209.7769
507.6	472060.9675
507.62	492819.0785
507.64	515707.0632
507.66	539856.63
507.68	566976.6128
507.7	598044.6544
507.72	632402.2714
507.74	669243.7499
507.76	710137.0771
507.78	757556.9713
507.8	807880.5053
507.82	861810.8086
507.84	919985.2264
507.86	979503.1463
507.88	1041686.668
507.9	1108995.472
507.92	1180186.846
507.94	1246470.958
507.96	1306050.875
507.98	1358804.548
508	1403796.547
508.02	1434428.427
508.04	1452716.747
508.06	1459458.487
508.08	1450626.723
508.1	1428380.773
508.12	1396691.763
508.14	1356773.697
508.16	1315882.345
508.18	1270114.805
508.2	1220167.814
508.22	1169397.906
508.24	1119684.149
508.26	1073175.285
508.28	1030125.029
508.3	989790.3598
508.32	950766.5392
508.34	912333.3414
508.36	868175.8129
508.38	826552.391
508.4	788100.2828
508.42	749597.7916
508.44	711770.7801
508.46	676218.493
508.48	638351.5708
508.5	599276.2091
508.52	563352.0395
508.54	530893.9397
508.56	499564.8409
508.58	470564.8528
508.6	444915.2938
508.62	421084.9035
508.64	398725.3241
508.66	377936.4727
508.68	359210.9375
508.7	341639.0421
508.72	327613.4105
508.74	315894.0285
508.76	304088.7849
508.78	292322.9636
508.8	283354.1654
508.82	275095.2345
508.84	267047.8365
508.86	258270.403
508.88	249502.8072
508.9	243355.0505
508.92	237984.5761
508.94	233278.114
508.96	229194.8431
508.98	225465.595
509	221682.6912
509.02	217290.7764
509.04	215137.0278
509.06	214663.3184
509.08	213060.241
509.1	208953.2365
509.12	205481.967
509.14	202041.3673
509.16	199441.4936
509.18	197536.5899
509.2	196008.7372
509.22	194028.0124
509.24	192418.1807
509.26	190717.4561
509.28	189637.7572
509.3	189430.8943
509.32	187351.2504
509.34	185364.1792
509.36	183906.3215
509.38	182173.2248
509.4	181478.9456
509.42	180630.2184
509.44	178505.1513
509.46	176535.4607
509.48	175385.5698
509.5	174472.3917
509.52	173391.9892
509.54	172140.469
509.56	170913.6127
509.58	168883.7364
509.6	167245.9512
509.62	166150.7542
509.64	165438.6034
509.66	166335.8906
509.68	166929.6247
509.7	166628.5106
509.72	166700.5426
509.74	166393.0003
509.76	164992.139
509.78	163012.7979
509.8	162069.8036
509.82	161071.6275
509.84	160689.6726
509.86	161225.1887
509.88	161395.1128
509.9	161975.1334
509.92	161888.7638
509.94	161974.2636
509.96	162375.563
509.98	162960.9281
510	162898.8794
510.02	161789.3725
510.04	161935.3019
510.06	162076.0562
510.08	161449.7884
510.1	161262.0994
510.12	161916.9151
510.14	162174.5897
510.16	162311.4529
510.18	162619.149
510.2	162845.9178
510.22	163184.5129
510.24	163490.1753
510.26	164691.9677
510.28	166796.7303
510.3	168047.5355
510.32	169376.1456
510.34	169180.8183
510.36	170515.5966
510.38	173185.6544
510.4	173739.4865
510.42	173467.0111
510.44	173539.0796
510.46	173584.1444
510.48	174158.9092
510.5	175907.2127
510.52	177822.7192
510.54	179636.6927
510.56	180932.0586
510.58	183024.5672
510.6	186642.2915
510.62	189828.8995
510.64	190535.6785
510.66	191671.4653
510.68	195395.4194
510.7	199232.4647
510.72	201932.3261
510.74	205445.3366
510.76	208773.1614
510.78	212239.8303
510.8	215688.4107
510.82	219255.0252
510.84	222749.6549
510.86	226242.1847
510.88	231349.1308
510.9	236304.0548
510.92	240701.4133
510.94	247537.5765
510.96	255070.6352
510.98	262787.6395
511	271166.4728
511.02	279953.4613
511.04	288702.3728
511.06	298936.3289
511.08	309467.9882
511.1	320377.0425
511.12	331916.5042
511.14	346648.6481
511.16	362791.4686
511.18	379102.2635
511.2	396231.5109
511.22	414205.5892
511.24	435885.8202
511.26	460234.0731
511.28	486597.0568
511.3	512448.6524
511.32	539963.7674
511.34	572671.7737
511.36	610826.9412
511.38	651251.876
511.4	698326.0624
511.42	748052.658
511.44	802198.8622
511.46	864185.8428
511.48	929422.4516
511.5	999750.5873
511.52	1074741.656
511.54	1158779.022
511.56	1253223.71
511.58	1348537.031
511.6	1439430.495
511.62	1529443.617
511.64	1611381.754
511.66	1682615.387
511.68	1739033.564
511.7	1782377.409
511.72	1808216.347
511.74	1811161.16
511.76	1795615.197
511.78	1762646.052
511.8	1717927.688
511.82	1662310.523
511.84	1599094.699
511.86	1530230.022
511.88	1463233.104
511.9	1397833.85
511.92	1332181.337
511.94	1270580.628
511.96	1214831.979
511.98	1160749.642
512	1105305.823
512.02	1051709.21
512.04	998661.275
512.06	944712.9794
512.08	892092.693
512.1	839572.1028
512.12	787617.6077
512.14	740148.3763
512.16	695140.3862
512.18	647844.9845
512.2	599392.6108
512.22	557053.8364
512.24	517750.1952
512.26	480986.6416
512.28	445258.9665
512.3	412388.6786
512.32	383016.713
512.34	355350.1429
512.36	331248.5014
512.38	309233.3653
512.4	290222.8527
512.42	272998.5873
512.44	257495.0971
512.46	243481.768
512.48	231003.8508
512.5	219905.2442
512.52	209657.3637
512.54	199542.1647
512.56	190595.3163
512.58	183227.6526
512.6	177249.5366
512.62	171961.1064
512.64	166065.7646
512.66	160500.6468
512.68	154909.1963
512.7	149344.9329
512.72	144236.3151
512.74	139439.1973
512.76	136257.9677
512.78	133740.799
512.8	131482.1034
512.82	129273.5703
512.84	127497.3358
512.86	125463.9247
512.88	122502.4403
512.9	119038.8143
512.92	117520.9066
512.94	115866.1927
512.96	114114.0563
512.98	111692.6411
513	109581.9987
513.02	107860.2154
513.04	106133.8539
513.06	104279.7529
513.08	103292.8923
513.1	102163.0194
513.12	101347.9929
513.14	99787.57474
513.16	97713.92305
513.18	97032.58715
513.2	97422.54122
513.22	96148.82591
513.24	93980.23788
513.26	93477.68002
513.28	92948.5511
513.3	92348.29036
513.32	91860.84051
513.34	90806.58567
513.36	89653.87555
513.38	89059.68228
513.4	88370.47057
513.42	88781.45451
513.44	88693.71005
513.46	87295.95025
513.48	85775.10429
513.5	85836.34829
513.52	86083.04
513.54	85280.14924
513.56	84350.38439
513.58	83691.0312
513.6	82923.48751
513.62	82154.73485
513.64	82001.49078
513.66	81334.75573
513.68	80208.75521
513.7	79534.20544
513.72	79477.1826
513.74	79388.42613
513.76	77805.21904
513.78	76960.14456
513.8	76508.29125
513.82	76277.21178
513.84	75961.19938
513.86	75090.68667
513.88	75047.27587
513.9	75144.95903
513.92	75062.0255
513.94	74513.38114
513.96	73997.01702
513.98	73835.15316
514	73658.70805
514.02	73663.51373
514.04	73742.80843
514.06	73150.93812
514.08	72086.97898
514.1	71508.40766
514.12	72028.03063
514.14	72128.56176
514.16	71250.77738
514.18	70720.74963
514.2	70295.77564
514.22	69861.85147
514.24	69804.41051
514.26	69632.97396
514.28	68716.87936
514.3	68509.95428
514.32	68808.34954
514.34	69409.59272
514.36	68774.89081
514.38	67635.62389
514.4	67155.96205
514.42	66046.59658
514.44	66665.58054
514.46	67298.27813
514.48	66913.58448
514.5	66142.31125
514.52	65987.74021
514.54	66803.09523
514.56	67305.2852
514.58	66328.47972
514.6	65795.37052
514.62	65173.79514
514.64	64400.95751
514.66	64110.71274
514.68	64305.56461
514.7	64748.10192
514.72	64710.17456
514.74	64140.72484
514.76	63576.7012
514.78	63578.69058
514.8	64137.13086
514.82	64203.92357
514.84	64369.74981
514.86	64320.02223
514.88	63016.55674
514.9	62398.06098
514.92	62824.04674
514.94	62396.37602
514.96	62243.27594
514.98	62634.19979
515	63493.09625
0	47636.30044
535.1	47875.2893
535.12	48865.80993
535.14	48642.16533
535.16	48086.42434
535.18	48237.18516
535.2	48106.19614
535.22	47711.68282
535.24	47896.9589
535.26	48044.08104
535.28	47848.61207
535.3	47898.39806
535.32	48262.48137
535.34	47978.37336
535.36	47940.35783
535.38	48224.42291
535.4	48363.44565
535.42	48642.96605
535.44	48779.9596
535.46	48052.40686
535.48	47504.98114
535.5	47632.94181
535.52	48402.90185
535.54	48492.97347
535.56	47975.05799
535.58	47712.83955
535.6	47609.05594
535.62	47539.06364
535.64	48163.86659
535.66	48538.82885
535.68	48530.09261
535.7	48515.03667
535.72	48984.7857
535.74	49035.42455
535.76	48839.18047
535.78	49034.02708
535.8	48779.77409
535.82	47409.4748
535.84	46735.94138
535.86	46616.96791
535.88	47106.49846
535.9	47987.3714
535.92	47750.60644
535.94	47151.04886
535.96	47279.32703
535.98	47719.59397
536	48232.79041
536.02	48272.15706
536.04	47788.0959
536.06	47301.69132
536.08	47350.48415
536.1	47167.87715
536.12	46995.07486
536.14	46758.78533
536.16	46844.76811
536.18	47240.72491
536.2	48009.52032
536.22	48330.79557
536.24	47937.88168
536.26	47490.859
536.28	47003.09376
536.3	46921.01142
536.32	47007.36592
536.34	46877.58043
536.36	46825.49853
536.38	47566.79692
536.4	48435.83256
536.42	48464.21334
536.44	47643.52988
536.46	48069.84656
536.48	48346.84198
536.5	47697.36906
536.52	47166.84916
536.54	46922.85707
536.56	47599.39927
536.58	47912.76547
536.6	47581.40371
536.62	46432.51674
536.64	45604.43606
536.66	46155.55723
536.68	46690.49283
536.7	47367.58879
536.72	48551.03778
536.74	48244.38308
536.76	47957.64064
536.78	47668.05655
536.8	47689.93027
536.82	47779.36442
536.84	47745.90099
536.86	47257.34453
536.88	47174.67173
536.9	47607.99195
536.92	48047.80271
536.94	47935.32592
536.96	47942.62944
536.98	47890.18114
537	47943.57815
537.02	47749.62657
537.04	47677.77346
537.06	47164.02374
537.08	47118.39364
537.1	46759.52635
537.12	46559.14223
537.14	46806.39515
537.16	47066.95692
537.18	47185.35514
537.2	47194.24476
537.22	47035.19936
537.24	46752.69564
537.26	46856.11032
537.28	47093.91993
537.3	47333.53799
537.32	47225.59164
537.34	46951.00133
537.36	45827.14917
537.38	45757.95331
537.4	46176.76276
537.42	46577.27246
537.44	46461.84288
537.46	46531.71466
537.48	46765.64938
537.5	46994.66381
537.52	46746.28487
537.54	46019.26499
537.56	45332.39161
537.58	44780.58582
537.6	44898.78284
537.62	45587.58946
537.64	45259.05178
537.66	44567.6643
537.68	45033.42304
537.7	46140.37543
537.72	46487.35393
537.74	45913.93944
537.76	45375.29917
537.78	45647.0239
537.8	45878.08515
537.82	45290.63472
537.84	44475.78754
537.86	44625.20481
537.88	45021.95484
537.9	44768.19249
537.92	44896.89157
537.94	45178.52385
537.96	45265.0424
537.98	45537.98847
538	45359.08807
538.02	45264.75663
538.04	45395.97952
538.06	44949.70914
538.08	44446.04396
538.1	44253.59238
538.12	44529.63224
538.14	44717.89671
538.16	44450.62331
538.18	43846.86608
538.2	43156.72879
538.22	43138.30639
538.24	43528.91682
538.26	43835.2962
538.28	43654.09867
538.3	43291.4258
538.32	43949.8299
538.34	44421.11931
538.36	43938.43831
538.38	43555.13308
538.4	43873.9699
538.42	44400.05588
538.44	44668.99831
538.46	43834.68294
538.48	42931.86704
538.5	42606.29634
538.52	42589.49261
538.54	42279.41187
538.56	41855.71521
538.58	42563.60469
538.6	42994.3898
538.62	43810.8485
538.64	44275.62117
538.66	44450.36404
538.68	44269.31206
538.7	43895.71147
538.72	43685.03809
538.74	43286.77859
538.76	42966.65618
538.78	42949.64144
538.8	43188.12912
538.82	43117.07762
538.84	42793.17529
538.86	42594.9563
538.88	43124.53177
538.9	43391.43504
538.92	43127.4811
538.94	42782.40256
538.96	42836.19678
538.98	44113.11468
539	44327.92967
539.02	43346.24128
539.04	42115.33669
539.06	41809.31843
539.08	42667.67378
539.1	43111.02502
539.12	43349.18727
539.14	43854.96264
539.16	43975.24618
539.18	43244.08982
539.2	42743.41837
539.22	42651.50282
539.24	43054.45222
539.26	43280.61023
539.28	43170.16947
539.3	42800.91939
539.32	42235.93115
539.34	42255.10432
539.36	42797.47164
539.38	42764.6639
539.4	42434.94562
539.42	42193.28754
539.44	42026.1806
539.46	42649.83491
539.48	43236.46329
539.5	42976.29968
539.52	43102.65259
539.54	43377.06834
539.56	43135.15742
539.58	42454.43606
539.6	42077.56835
539.62	41701.3332
539.64	41277.65287
539.66	42001.27186
539.68	42740.12891
539.7	43138.76627
539.72	42807.76417
539.74	42265.07895
539.76	41808.03056
539.78	42049.75473
539.8	42548.50211
539.82	43432.87009
539.84	43450.19458
539.86	43386.73249
539.88	43432.56538
539.9	42659.00089
539.92	41752.04192
539.94	40954.63381
539.96	40763.58603
539.98	40668.90647
540	40764.03383
540.02	40969.97651
540.04	41673.9238
540.06	42376.07455
540.08	41917.06975
540.1	41496.61539
540.12	41765.75189
540.14	42299.01703
540.16	42088.99089
540.18	42270.70554
540.2	42166.38388
540.22	42433.94829
540.24	43534.32193
540.26	44239.85107
540.28	43727.41227
540.3	43227.28968
540.32	43329.16318
540.34	44064.91388
540.36	43647.82888
540.38	43298.83172
540.4	43095.074
540.42	42330.44893
540.44	42032.99366
540.46	42469.69891
540.48	43108.5768
540.5	42689.01826
540.52	42512.75719
540.54	42782.96783
540.56	43065.21908
540.58	43599.29849
540.6	43122.82405
540.62	42594.39229
540.64	43513.41606
540.66	44093.83791
540.68	43490.13194
540.7	43247.65491
540.72	43463.78044
540.74	43557.56599
540.76	43192.3263
540.78	43525.81898
540.8	43861.80314
540.82	43459.91527
540.84	43796.39689
540.86	44242.67083
540.88	44377.75242
540.9	43705.81857
540.92	43149.67179
540.94	43413.00063
540.96	43747.55547
540.98	43989.47288
541	44406.23332
541.02	44068.40215
541.04	43224.45895
541.06	43324.75506
541.08	43894.49828
541.1	44274.39103
541.12	43789.56496
541.14	44215.31683
541.16	45086.66697
541.18	44910.11964
541.2	44970.80529
541.22	45408.94896
541.24	44972.67885
541.26	44734.79205
541.28	44657.50583
541.3	44278.79447
541.32	43943.43595
541.34	44051.47981
541.36	43913.73157
541.38	44078.36858
541.4	44456.71012
541.42	44914.52519
541.44	45414.90287
541.46	45151.56008
541.48	44657.80911
541.5	44028.55206
541.52	44394.24906
541.54	45355.97183
541.56	45668.91247
541.58	44984.32896
541.6	44383.57289
541.62	44386.74905
541.64	44894.73573
541.66	45914.11541
541.68	46396.75315
541.7	46021.75952
541.72	45478.38795
541.74	45783.29963
541.76	45849.83639
541.78	45773.77981
541.8	45556.18644
541.82	45512.22911
541.84	46406.1548
541.86	47336.16938
541.88	47042.70152
541.9	46810.44237
541.92	46747.83045
541.94	46751.81069
541.96	46793.92608
541.98	47005.02169
542	46957.72878
542.02	46629.07257
542.04	46547.31151
542.06	46755.9418
542.08	47607.90509
542.1	47537.47049
542.12	47409.95049
542.14	47543.58995
542.16	47324.13679
542.18	47951.73109
542.2	48998.90465
542.22	48927.34335
542.24	48312.22774
542.26	48043.80486
542.28	47510.44225
542.3	46828.25752
542.32	46962.27011
542.34	47283.43226
542.36	47751.99045
542.38	47653.2961
542.4	48147.02297
542.42	48783.90348
542.44	49313.39156
542.46	48640.76121
542.48	48670.43288
542.5	48724.43731
542.52	48276.58904
542.54	48542.76287
542.56	48573.61909
542.58	48026.94497
542.6	48425.59259
542.62	49533.16436
542.64	49663.72006
542.66	48990.64398
542.68	48967.97013
542.7	48640.79578
542.72	48421.00745
542.74	48311.64953
542.76	48640.53327
542.78	49891.97287
542.8	50100.58458
542.82	49496.52718
542.84	49399.36277
542.86	50014.99581
542.88	50792.47181
542.9	50620.2168
542.92	50270.92262
542.94	49940.27126
542.96	49884.2054
542.98	49497.52141
543	49153.93935
543.02	49598.9359
543.04	49665.54857
543.06	49762.83236
543.08	49814.923
543.1	50045.88731
543.12	50535.14183
543.14	51049.47238
543.16	50910.1339
543.18	50814.39128
543.2	51044.23059
543.22	51051.98727
543.24	51091.7887
543.26	50607.56752
543.28	50871.20141
543.3	51495.19851
543.32	51219.73429
543.34	50786.22699
543.36	50889.00037
543.38	51759.32803
543.4	53012.72363
543.42	53477.53816
543.44	52976.25862
543.46	53364.49872
543.48	54215.14992
543.5	54182.18491
543.52	53922.54659
543.54	53752.92385
543.56	54151.53195
543.58	54233.20313
543.6	53722.78154
543.62	53346.44924
543.64	53286.94709
543.66	53783.89704
543.68	54032.3254
543.7	54833.00146
543.72	55038.48574
543.74	54859.75746
543.76	54972.38023
543.78	54917.66186
543.8	54892.97654
543.82	55540.52623
543.84	56340.76051
543.86	56517.99248
543.88	56329.57081
543.9	56657.98851
543.92	57466.99842
543.94	57542.31076
543.96	57224.38123
543.98	57589.161
544	58275.42266
544.02	58647.6788
544.04	58523.53417
544.06	58642.43395
544.08	59427.61559
544.1	59839.91752
544.12	59526.00085
544.14	59039.29334
544.16	59529.20143
544.18	60239.68227
544.2	60878.51365
544.22	60824.06638
544.24	61216.21059
544.26	62044.73038
544.28	63109.84893
544.3	63948.29836
544.32	64536.53521
544.34	65290.02336
544.36	65672.75053
544.38	65175.37262
544.4	64382.26869
544.42	63905.16448
544.44	64596.63198
544.46	65948.33557
544.48	66439.98626
544.5	66171.75975
544.52	65907.18044
544.54	65756.97037
544.56	66540.62321
544.58	68083.04934
544.6	69108.03773
544.62	69234.31127
544.64	68525.4042
544.66	68052.416
544.68	68739.20403
544.7	68960.52269
544.72	69191.77854
544.74	70604.43175
544.76	72031.58178
544.78	73414.62915
544.8	73854.36125
544.82	73708.32026
544.84	73269.69819
544.86	73430.62804
544.88	74267.19309
544.9	75198.92689
544.92	76169.88149
544.94	76327.68676
544.96	76264.94455
544.98	76325.00411
545	77115.2546
545.02	77038.90648
545.04	77245.44959
545.06	78260.91346
545.08	79510.2018
545.1	80200.24276
545.12	80208.44693
545.14	81132.45413
545.16	82176.09871
545.18	82726.02442
545.2	83020.47884
545.22	83364.3709
545.24	83687.00881
545.26	83917.53064
545.28	84872.3538
545.3	85329.39332
545.32	86347.55833
545.34	88112.55688
545.36	89527.54026
545.38	89334.98298
545.4	88988.11779
545.42	89616.23258
545.44	90451.6341
545.46	90459.40214
545.48	91246.86398
545.5	92284.71278
545.52	93229.77482
545.54	94383.51422
545.56	95612.29589
545.58	96295.47823
545.6	96877.50454
545.62	97313.97761
545.64	97487.07222
545.66	98978.17682
545.68	100802.8899
545.7	102379.1565
545.72	102758.4992
545.74	101941.086
545.76	102111.5068
545.78	103262.9452
545.8	104786.4571
545.82	106599.9599
545.84	106340.4464
545.86	105787.4564
545.88	105829.4419
545.9	106021.3305
545.92	106617.9899
545.94	108250.1088
545.96	108867.5207
545.98	109035.583
546	109046.9115
546.02	108929.6354
546.04	110078.2631
546.06	110612.927
546.08	111014.0351
546.1	111574.4402
546.12	112000.2829
546.14	112050.4482
546.16	112558.6141
546.18	113308.4981
546.2	113635.4342
546.22	113400.5672
546.24	113487.4357
546.26	114143.7495
546.28	114988.6312
546.3	115659.9276
546.32	116858.062
546.34	116780.8068
546.36	116844.0794
546.38	117968.931
546.4	117618.8162
546.42	116912.8744
546.44	117837.4464
546.46	118989.2061
546.48	118665.15
546.5	118560.4745
546.52	119865.0715
546.54	120838.1623
546.56	121001.3689
546.58	120420.071
546.6	120314.796
546.62	119750.1013
546.64	119248.867
546.66	119327.2377
546.68	119613.2742
546.7	120213.0347
546.72	120477.414
546.74	121025.1766
546.76	120755.3372
546.78	120252.0972
546.8	120941.6827
546.82	122095.7684
546.84	122637.3016
546.86	123121.7571
546.88	122265.6993
546.9	121873.9841
546.92	121967.3576
546.94	122020.2459
546.96	122505.674
546.98	123045.5367
547	123367.9271
547.02	123613.7796
547.04	123922.4051
547.06	123670.1513
547.08	122626.2631
547.1	122152.0946
547.12	122927.5524
547.14	124240.1936
547.16	123918.7968
547.18	123130.3214
547.2	122569.8947
547.22	121668.7495
547.24	121644.9231
547.26	121826.9657
547.28	121500.7857
547.3	120700.8245
547.32	120443.531
547.34	121025.3803
547.36	122186.405
547.38	121569.6834
547.4	120542.9717
547.42	119720.2601
547.44	118554.2386
547.46	117392.6957
547.48	116614.163
547.5	115363.4449
547.52	113542.3404
547.54	112143.6943
547.56	112050.2076
547.58	110810.2773
547.6	108624.8888
547.62	107327.435
547.64	105290.5852
547.66	102878.0287
547.68	102130.5824
547.7	101652.928
547.72	100791.0537
547.74	99516.17114
547.76	96669.32135
547.78	93161.432
547.8	91169.86999
547.82	90095.94214
547.84	89198.58231
547.86	87988.85264
547.88	86294.04324
547.9	83920.70531
547.92	82272.99219
547.94	80981.04935
547.96	80334.62036
547.98	79398.96958
548	76156.2145
548.02	73340.20279
548.04	70897.28565
548.06	69667.74928
548.08	69326.71505
548.1	67896.89962
548.12	65880.28059
548.14	63151.26398
548.16	61162.61407
548.18	60366.65202
548.2	59387.87001
548.22	57774.47846
548.24	56578.09001
548.26	55267.94296
548.28	53686.34851
548.3	51755.56203
548.32	50206.36242
548.34	49021.95518
548.36	48287.0625
548.38	47368.18795
548.4	46076.96821
548.42	44314.13148
548.44	42973.56716
548.46	42032.08179
548.48	41533.53781
548.5	40923.37413
548.52	40094.7676
548.54	39595.71183
548.56	38483.61288
548.58	37192.64595
548.6	36191.5183
548.62	35197.09364
548.64	34251.0816
548.66	33977.03052
548.68	34191.53638
548.7	34252.78053
548.72	33657.46819
548.74	32876.09894
548.76	32680.15206
548.78	32430.48461
548.8	31724.91228
548.82	31488.53753
548.84	31911.97032
548.86	31331.09999
548.88	30549.00581
548.9	30236.38106
548.92	29808.53644
548.94	29408.2113
548.96	28897.30143
548.98	28516.57182
549	27803.59514
549.02	27299.16586
549.04	26974.03075
549.06	26808.90937
549.08	26822.7518
549.1	26830.52433
549.12	26797.73056
549.14	26986.78946
549.16	27255.31083
549.18	27260.40628
549.2	26697.20375
549.22	26523.71271
549.24	25994.02406
549.26	25289.85201
549.28	25183.8997
549.3	25292.20543
549.32	25364.05678
549.34	25159.53498
549.36	25214.04398
549.38	24616.29024
549.4	23948.63705
549.42	24029.40232
549.44	24745.86987
549.46	24785.20143
549.48	24500.02237
549.5	24260.03251
549.52	24058.15903
549.54	23898.93901
549.56	23817.8406
549.58	24104.72353
549.6	24192.95363
549.62	23962.75063
549.64	23971.85628
549.66	23903.36644
549.68	24105.74335
549.7	23898.02588
549.72	23284.67642
549.74	22793.90781
549.76	23032.54152
549.78	23612.63556
549.8	24505.04728
549.82	24385.18339
549.84	23783.13331
549.86	23280.88563
549.88	23073.72878
549.9	23001.29948
549.92	22847.71521
549.94	22805.37494
549.96	22878.77008
549.98	22969.22188
550	23267.61976
550.02	23598.94767
550.04	23444.29882
550.06	23126.22592
550.08	22754.61925
550.1	22432.12376
550.12	22811.25535
550.14	22808.03651
550.16	22853.56508
550.18	23219.66952
550.2	23374.85999
550.22	22895.77075
550.24	22768.83151
550.26	22727.528
550.28	22606.38807
550.3	22517.03364
550.32	22763.79396
550.34	22973.02802
550.36	22835.00087
550.38	23133.97018
550.4	23267.9185
550.42	22944.15449
550.44	22478.19146
550.46	22113.99911
550.48	22070.00403
550.5	21877.78218
550.52	21769.20111
550.54	21625.35606
550.56	21665.76583
550.58	21682.58252
550.6	21529.83401
550.62	21307.55777
550.64	21006.64595
550.66	21304.66624
550.68	21701.65326
550.7	22150.24345
550.72	22043.52117
550.74	21906.7606
550.76	22219.07901
550.78	22133.3933
550.8	21605.02578
550.82	21761.22344
550.84	22253.46817
550.86	22458.50887
550.88	22307.74663
550.9	22021.98129
550.92	21677.29527
550.94	21298.1078
550.96	21467.6992
550.98	21710.31399
551	21704.00321
551.02	21504.26103
551.04	21319.05162
551.06	21300.5256
551.08	21520.34217
551.1	21428.3119
551.12	21473.91935
551.14	21634.9888
551.16	21241.9882
551.18	20970.83407
551.2	21296.28198
551.22	21778.94624
551.24	21779.18225
551.26	21672.70187
551.28	21806.72795
551.3	21126.85063
551.32	20682.50639
551.34	20753.3938
551.36	21101.13752
551.38	21278.79514
551.4	21525.13504
551.42	21707.49047
551.44	21857.23454
551.46	21972.96577
551.48	21548.72793
551.5	21387.83753
551.52	21323.25453
551.54	21490.99679
551.56	21526.64233
551.58	21571.48006
551.6	21237.51183
551.62	21122.73468
551.64	21599.17169
551.66	22445.84351
551.68	22427.55386
551.7	22219.96362
551.72	22129.71659
551.74	21894.343
551.76	21740.8876
551.78	21724.8471
551.8	21921.80647
551.82	22271.28295
551.84	21892.36395
551.86	21354.38415
551.88	21107.6629
551.9	21274.59407
551.92	21367.04392
551.94	21306.58917
551.96	21509.65595
551.98	21423.75237
552	21751.38861
552.02	21637.72205
552.04	21124.53095
552.06	21427.57646
552.08	21781.29655
552.1	21819.44135
552.12	21834.11776
552.14	21819.95282
552.16	21633.01072
552.18	21449.6699
552.2	21519.46212
552.22	21864.79703
552.24	22155.45931
552.26	22325.01349
552.28	22196.22111
552.3	22147.22757
552.32	22243.16048
552.34	22314.92344
552.36	22186.54576
552.38	21518.652
552.4	21551.91499
552.42	21589.73483
552.44	21411.02724
552.46	21532.36184
552.48	21789.86241
552.5	22041.91764
552.52	22088.59605
552.54	22069.53073
552.56	22192.9658
552.58	21914.51651
552.6	21650.01302
552.62	21407.18828
552.64	21321.74007
552.66	21727.64692
552.68	22209.49761
552.7	22085.23497
552.72	21600.02749
552.74	21454.03255
552.76	21423.56
552.78	21428.5549
552.8	21808.99542
552.82	21761.90096
552.84	21107.08666
552.86	21302.51406
552.88	21843.54214
552.9	22076.23181
552.92	21801.1808
552.94	21815.25127
552.96	21902.70666
552.98	21914.89312
553	21885.49277
553.02	22056.28297
553.04	21858.87775
553.06	21832.64998
553.08	22550.07701
553.1	23127.41215
553.12	22987.09695
553.14	22885.86849
553.16	22766.24107
553.18	22448.1782
553.2	22325.92334
553.22	22021.38783
553.24	21791.41924
553.26	22059.40596
553.28	22624.44205
553.3	22644.11346
553.32	22617.26031
553.34	22615.60175
553.36	22606.88813
553.38	22903.64304
553.4	22909.065
553.42	22220.46107
553.44	21739.1886
553.46	21631.95275
553.48	21717.14224
553.5	21937.78301
553.52	22369.26054
553.54	22674.27253
553.56	22817.79739
553.58	22136.99137
553.6	21892.08549
553.62	22169.95371
553.64	22363.56989
553.66	22593.24751
553.68	22659.35115
553.7	22560.3893
553.72	22527.05192
553.74	22730.1311
553.76	23085.14249
553.78	23078.51244
553.8	22954.23297
553.82	23084.48654
553.84	23178.84302
553.86	23075.75649
553.88	22541.39247
553.9	22337.02657
553.92	22353.70578
553.94	22366.87729
553.96	22292.80251
553.98	22242.56936
554	22162.95203
554.02	22101.76019
554.04	21944.64586
554.06	22232.79002
554.08	22322.15502
554.1	21912.24515
554.12	21067.89013
554.14	20986.98364
554.16	21284.06783
554.18	21848.1639
554.2	21597.09414
554.22	21166.81552
554.24	21376.00383
554.26	21517.30066
554.28	21418.59856
554.3	21401.35665
554.32	21341.46718
554.34	21382.0413
554.36	21451.53481
554.38	21553.81531
554.4	21434.2058
554.42	21710.20981
554.44	21988.55687
554.46	22418.47585
554.48	22134.21641
554.5	21531.60607
554.52	21669.43731
554.54	22189.62556
554.56	21954.43978
554.58	21905.89677
554.6	22379.69876
554.62	22380.03858
554.64	21975.52687
554.66	21489.66913
554.68	21139.99996
554.7	21198.66011
554.72	21155.2896
554.74	21064.22958
554.76	21062.54779
554.78	20988.9112
554.8	21072.99291
554.82	21110.59666
554.84	21014.07497
554.86	21138.5691
554.88	21336.94719
554.9	21209.22112
554.92	20605.57474
554.94	20638.82768
554.96	20748.95329
554.98	20833.78462
555	20764.8777
555.02	20593.59803
555.04	20815.00604
