70.7253	50423.97398
70.7053	50132.64919
70.6853	49878.88296
70.6653	50012.23461
70.6453	50275.31822
70.6253	50599.22076
70.6053	50527.68419
70.5853	50006.42701
70.5653	49778.47572
70.5453	49754.34091
70.5253	50147.73017
70.5053	50620.61485
70.4853	50446.17425
70.4653	50144.97879
70.4453	50116.75541
70.4253	50020.35844
70.4053	50158.44196
70.3853	50458.80995
70.3653	50834.83474
70.3453	50907.29561
70.3253	50269.15169
70.3053	49990.40969
70.2853	50047.95324
70.2653	50514.8873
70.2453	50851.62832
70.2253	50484.02274
70.2053	50086.57329
70.1853	50389.8384
70.1653	50412.67536
70.1453	50447.26569
70.1253	50699.69124
70.1053	50673.96357
70.0853	50595.94292
70.0653	50429.6159
70.0453	50231.87107
70.0253	49759.73807
70.0053	49200.60519
69.9853	49467.45326
69.9653	49685.01876
69.9453	49958.28035
69.9253	49895.32206
69.9053	49355.33
69.8853	49365.42304
69.8653	49623.50253
69.8453	50030.35302
69.8253	49957.27945
69.8053	49200.41477
69.7853	48876.01069
69.7653	49699.00602
69.7453	50504.13507
69.7253	50782.38007
69.7053	50667.88274
69.6853	50999.77617
69.6653	50763.71363
69.6453	49909.62319
69.6253	49425.8347
69.6053	49413.61147
69.5853	49786.63445
69.5653	50301.08101
69.5453	50156.85419
69.5253	49384.56747
69.5053	49420.12519
69.4853	50465.64251
69.4653	51229.35017
69.4453	51246.05083
69.4253	50631.85052
69.4053	50120.42225
69.3853	49870.22876
69.3653	50080.12835
69.3453	49662.30951
69.3253	49274.3829
69.3053	49677.86378
69.2853	50150.6396
69.2653	50064.37971
69.2453	50028.94491
69.2253	51052.71146
69.2053	52025.2489
69.1853	51627.6984
69.1653	50577.70652
69.1453	49964.82272
69.1253	50512.74275
69.1053	50233.78806
69.0853	49757.44444
69.0653	49639.5034
69.0453	50120.92274
69.0253	51203.88322
69.0053	51270.19379
68.9853	50706.8549
68.9653	50593.27462
68.9453	51231.25484
68.9253	51469.0085
68.9053	50613.63239
68.8853	49431.67797
68.8653	49253.2479
68.8453	49608.78187
68.8253	49756.63058
68.8053	49920.35555
68.7853	50146.76957
68.7653	50107.6088
68.7453	49870.86743
68.7253	50548.42607
68.7053	50829.75005
68.6853	51070.85411
68.6653	50997.24275
68.6453	50580.88941
68.6253	50054.95579
68.6053	50274.93968
68.5853	50672.94314
68.5653	50005.01998
68.5453	49564.11268
68.5253	49848.03363
68.5053	50025.25096
68.4853	49844.77053
68.4653	49639.61685
68.4453	49140.01367
68.4253	49380.55707
68.4053	50556.23889
68.3853	51549.3113
68.3653	50799.15287
68.3453	49914.68923
68.3253	49628.95128
68.3053	50259.18942
68.2853	50828.20008
68.2653	50789.24967
68.2453	50743.57492
68.2253	50916.42529
68.2053	50637.59156
68.1853	50240.65442
68.1653	50408.98516
68.1453	50846.85438
68.1253	51225.34454
68.1053	50911.99039
68.0853	50582.13018
68.0653	50612.81347
68.0453	50352.77289
68.0253	50128.35531
68.0053	50360.71919
67.9853	50458.69702
67.9653	50647.52086
67.9453	50322.60647
67.9253	49907.21525
67.9053	49887.89685
67.8853	50110.30886
67.8653	49953.6189
67.8453	49609.9791
67.8253	49103.00678
67.8053	49439.74061
67.7853	49828.5721
67.7653	50256.98124
67.7453	49790.74604
67.7253	48919.04333
67.7053	49511.94834
67.6853	50210.90421
67.6653	50292.95743
67.6453	49889.78261
67.6253	48869.09349
67.6053	48909.64115
67.5853	49393.09114
67.5653	49897.97749
67.5453	49461.53255
67.5253	49433.22494
67.5053	50455.46818
67.4853	51110.25214
67.4653	50687.8959
67.4453	50190.31603
67.4253	49846.12894
67.4053	50180.03262
67.3853	50280.45695
67.3653	50000.68839
67.3453	49367.71875
67.3253	49311.37016
67.3053	50167.23154
67.2853	50418.31673
67.2653	50717.22233
67.2453	51403.63911
67.2253	51357.59237
67.2053	50545.8855
67.1853	50458.69276
67.1653	50449.15596
67.1453	50404.88285
67.1253	50091.77616
67.1053	50349.32232
67.0853	50452.21981
67.0653	50620.50787
67.0453	50875.19586
67.0253	50904.93857
67.0053	51123.87345
66.9853	51221.44055
66.9653	51720.39867
66.9453	51454.45144
66.9253	50927.05144
66.9053	50565.48455
66.8853	50759.30491
66.8653	50620.44259
66.8453	50568.48737
66.8253	50999.88692
66.8053	51292.88192
66.7853	51233.53677
66.7653	50377.88373
66.7453	50176.62652
66.7253	50503.49146
66.7053	51111.04039
66.6853	50885.68415
66.6653	50129.67233
66.6453	49532.6394
66.6253	49384.87324
66.6053	49591.34688
66.5853	50184.10204
66.5653	50403.70548
66.5453	50988.19751
66.5253	50853.11973
66.5053	50291.30619
66.4853	49646.41479
66.4653	49696.30471
66.4453	50214.18723
66.4253	50484.1834
66.4053	50548.81296
66.3853	50518.15517
66.3653	50453.77492
66.3453	50303.92678
66.3253	50583.63503
66.3053	50571.55671
66.2853	49966.72176
66.2653	49955.2549
66.2453	50307.73405
66.2253	50439.29847
66.2053	50839.95289
66.1853	50732.75758
66.1653	49969.6947
66.1453	49077.43028
66.1253	49452.57709
66.1053	50259.99204
66.0853	50881.80367
66.0653	50753.92809
66.0453	50073.25199
66.0253	49670.96805
66.0053	49766.44911
65.9853	49580.69791
65.9653	49559.24557
65.9453	49373.1068
65.9253	49870.88543
65.9053	50345.25268
65.8853	51081.04218
65.8653	51422.40127
65.8453	51704.78778
65.8253	51612.05352
65.8053	50780.53719
65.7853	50608.65663
65.7653	50778.90812
65.7453	51219.96797
65.7253	51498.68622
65.7053	50840.3292
65.6853	50306.25679
65.6653	50089.61729
65.6453	49767.87663
65.6253	50120.01446
65.6053	50726.57396
65.5853	51490.97115
65.5653	51597.80344
65.5453	51066.58865
65.5253	50620.66366
65.5053	50977.28856
65.4853	50681.85008
65.4653	50644.90803
65.4453	50719.45774
65.4253	50492.62894
65.4053	50491.79276
65.3853	50262.40409
65.3653	50414.40639
65.3453	51678.80942
65.3253	51919.84424
65.3053	51375.07698
65.2853	51059.99046
65.2653	51076.60001
65.2453	51161.95307
65.2253	51237.74136
65.2053	51400.39599
65.1853	51139.72899
65.1653	50777.61887
65.1453	50195.16415
65.1253	50731.45329
65.1053	51068.82155
65.0853	50724.29028
65.0653	50607.84167
65.0453	51054.40179
65.0253	51766.24172
65.0053	51766.59173
64.9853	50875.35105
64.9653	50363.02861
64.9453	50784.25064
64.9253	51253.66555
64.9053	51092.25555
64.8853	50947.39921
64.8653	50797.24797
64.8453	50761.02206
64.8253	50764.36478
64.8053	51503.5696
64.7853	51702.38844
64.7653	51261.99976
64.7453	50425.71093
64.7253	49958.91984
64.7053	50636.02257
64.6853	51342.80932
64.6653	51827.50253
64.6453	51050.88292
64.6253	50002.013
64.6053	50233.28303
64.5853	50522.16449
64.5653	50317.74857
64.5453	49726.31391
64.5253	50144.19739
64.5053	50771.29653
64.4853	50894.24219
64.4653	50846.48012
64.4453	50864.91645
64.4253	50660.26475
64.4053	50653.82615
64.3853	50713.61474
64.3653	50751.87795
64.3453	50800.89863
64.3253	51211.98693
64.3053	51142.80293
64.2853	50780.87222
64.2653	50483.75061
64.2453	50807.05737
64.2253	50563.90309
64.2053	50119.81323
64.1853	50025.81372
64.1653	50359.2615
64.1453	49988.81117
64.1253	49336.67541
64.1053	49199.90476
64.0853	49313.14568
64.0653	49854.97651
64.0453	50264.54486
64.0253	50086.66802
64.0053	49568.86406
63.9853	49394.59694
63.9653	49347.60815
63.9453	49747.75456
63.9253	50175.5713
63.9053	50180.98261
63.8853	50352.73351
63.8653	50540.60383
63.8453	50376.55894
63.8253	50202.32079
63.8053	50192.80349
63.7853	50468.52061
63.7653	50500.90773
63.7453	49816.6091
63.7253	49664.87896
63.7053	50625.54757
63.6853	51479.97776
63.6653	51328.19201
63.6453	50360.492
63.6253	49895.71279
63.6053	49925.86397
63.5853	49581.04746
63.5653	49008.25912
63.5453	49162.50988
63.5253	50260.61106
63.5053	50442.31213
63.4853	49977.95789
63.4653	50146.2318
63.4453	50352.455
63.4253	50396.86331
63.4053	50262.49131
63.3853	50544.08586
63.3653	50479.58815
63.3453	49597.63856
63.3253	49644.93046
63.3053	49652.76629
63.2853	49730.77098
63.2653	49784.88499
63.2453	49623.37578
63.2253	50382.16388
63.2053	50879.18602
63.1853	50819.60643
63.1653	50393.23727
63.1453	49666.27222
63.1253	49021.06383
63.1053	49146.06209
63.0853	49280.9876
63.0653	49245.73589
63.0453	49540.10456
63.0253	49967.22318
63.0053	49434.41844
62.9853	48691.58174
62.9653	48930.59755
62.9453	49715.69865
62.9253	49698.86532
62.9053	49219.81149
62.8853	49556.44857
62.8653	50099.64864
62.8453	50051.83605
62.8253	49684.64966
62.8053	49545.42053
62.7853	49708.33628
62.7653	49542.21974
62.7453	49087.14495
62.7253	49548.62503
62.7053	50089.2308
62.6853	49931.17958
62.6653	49307.92861
62.6453	49392.50768
62.6253	49417.56476
62.6053	49659.76395
62.5853	49887.80464
62.5653	50035.56259
62.5453	49925.08642
62.5253	49447.69974
62.5053	49127.33112
62.4853	49237.5179
62.4653	49539.682
62.4453	49648.26409
62.4253	49193.0621
62.4053	48933.82389
62.3853	48922.4051
62.3653	49190.68914
62.3453	49476.84252
62.3253	49780.43607
62.3053	49321.2184
62.2853	48841.40434
62.2653	48737.7211
62.2453	48739.79758
62.2253	49656.0572
62.2053	50462.38812
62.1853	49874.14557
62.1653	48867.42148
62.1453	48671.11548
62.1253	48816.91216
62.1053	48580.13747
62.0853	48731.43632
62.0653	48753.07921
62.0453	48786.59866
62.0253	49214.8129
62.0053	49459.79242
61.9853	49557.02012
61.9653	49451.76372
61.9453	49117.59455
61.9253	49121.13135
61.9053	49696.6785
61.8853	50221.19687
61.8653	50363.50744
61.8453	50215.27184
61.8253	49339.49907
61.8053	48538.52423
61.7853	48828.25649
61.7653	49282.17453
61.7453	49772.81881
61.7253	49677.60063
61.7053	49494.96336
61.6853	49251.10593
61.6653	49549.05778
61.6453	49328.30258
61.6253	48372.68749
61.6053	48399.79576
61.5853	48862.6107
61.5653	48688.54637
61.5453	48944.86534
61.5253	49528.72051
61.5053	49743.96038
61.4853	49403.36895
61.4653	48925.19146
61.4453	48794.44628
61.4253	48962.19106
61.4053	49501.67504
61.3853	49497.90961
61.3653	49084.24383
61.3453	48683.91981
61.3253	48922.52389
61.3053	49303.76621
61.2853	48987.03192
61.2653	48801.2844
61.2453	48489.24776
61.2253	48989.68555
61.2053	49460.84113
61.1853	49204.37422
61.1653	48622.06184
61.1453	47655.88884
61.1253	47433.40325
61.1053	47762.07482
61.0853	47681.86869
61.0653	47538.36257
61.0453	47790.77593
61.0253	48315.68234
61.0053	48287.8175
60.9853	47894.52982
60.9653	48405.21425
60.9453	48906.71118
60.9253	48677.84139
60.9053	48001.64945
60.8853	48054.33214
60.8653	48944.84913
60.8453	49020.25932
60.8253	49359.41659
60.8053	49524.85935
60.7853	48729.62919
60.7653	47861.7457
60.7453	47935.77333
60.7253	47944.82857
60.7053	47872.33564
60.6853	47636.30044
60.6653	47875.2893
60.6453	48865.80993
60.6253	48642.16533
60.6053	48086.42434
60.5853	48237.18516
60.5653	48106.19614
60.5453	47711.68282
60.5253	47896.9589
60.5053	48044.08104
60.4853	47848.61207
60.4653	47898.39806
60.4453	48262.48137
60.4253	47978.37336
60.4053	47940.35783
60.3853	48224.42291
60.3653	48363.44565
60.3453	48642.96605
60.3253	48779.9596
60.3053	48052.40686
60.2853	47504.98114
60.2653	47632.94181
60.2453	48402.90185
60.2253	48492.97347
60.2053	47975.05799
60.1853	47712.83955
60.1653	47609.05594
60.1453	47539.06364
60.1253	48163.86659
60.1053	48538.82885
60.0853	48530.09261
60.0653	48515.03667
60.0453	48984.7857
60.0253	49035.42455
60.0053	48839.18047
59.9853	49034.02708
59.9653	48779.77409
59.9453	47409.4748
59.9253	46735.94138
59.9053	46616.96791
59.8853	47106.49846
59.8653	47987.3714
59.8453	47750.60644
59.8253	47151.04886
59.8053	47279.32703
59.7853	47719.59397
59.7653	48232.79041
59.7453	48272.15706
59.7253	47788.0959
59.7053	47301.69132
59.6853	47350.48415
59.6653	47167.87715
59.6453	46995.07486
59.6253	46758.78533
59.6053	46844.76811
59.5853	47240.72491
59.5653	48009.52032
59.5453	48330.79557
59.5253	47937.88168
59.5053	47490.859
59.4853	47003.09376
59.4653	46921.01142
59.4453	47007.36592
59.4253	46877.58043
59.4053	46825.49853
59.3853	47566.79692
59.3653	48435.83256
59.3453	48464.21334
59.3253	47643.52988
59.3053	48069.84656
59.2853	48346.84198
59.2653	47697.36906
59.2453	47166.84916
59.2253	46922.85707
59.2053	47599.39927
59.1853	47912.76547
59.1653	47581.40371
59.1453	46432.51674
59.1253	45604.43606
59.1053	46155.55723
59.0853	46690.49283
59.0653	47367.58879
59.0453	48551.03778
59.0253	48244.38308
59.0053	47957.64064
58.9853	47668.05655
58.9653	47689.93027
58.9453	47779.36442
58.9253	47745.90099
58.9053	47257.34453
58.8853	47174.67173
58.8653	47607.99195
58.8453	48047.80271
58.8253	47935.32592
58.8053	47942.62944
58.7853	47890.18114
58.7653	47943.57815
58.7453	47749.62657
58.7253	47677.77346
58.7053	47164.02374
58.6853	47118.39364
58.6653	46759.52635
58.6453	46559.14223
58.6253	46806.39515
58.6053	47066.95692
58.5853	47185.35514
58.5653	47194.24476
58.5453	47035.19936
58.5253	46752.69564
58.5053	46856.11032
58.4853	47093.91993
58.4653	47333.53799
58.4453	47225.59164
58.4253	46951.00133
58.4053	45827.14917
58.3853	45757.95331
58.3653	46176.76276
58.3453	46577.27246
58.3253	46461.84288
58.3053	46531.71466
58.2853	46765.64938
58.2653	46994.66381
58.2453	46746.28487
58.2253	46019.26499
58.2053	45332.39161
58.1853	44780.58582
58.1653	44898.78284
58.1453	45587.58946
58.1253	45259.05178
58.1053	44567.6643
58.0853	45033.42304
58.0653	46140.37543
58.0453	46487.35393
58.0253	45913.93944
58.0053	45375.29917
57.9853	45647.0239
57.9653	45878.08515
57.9453	45290.63472
57.9253	44475.78754
57.9053	44625.20481
57.8853	45021.95484
57.8653	44768.19249
57.8453	44896.89157
57.8253	45178.52385
57.8053	45265.0424
57.7853	45537.98847
57.7653	45359.08807
57.7453	45264.75663
57.7253	45395.97952
57.7053	44949.70914
57.6853	44446.04396
57.6653	44253.59238
57.6453	44529.63224
57.6253	44717.89671
57.6053	44450.62331
57.5853	43846.86608
57.5653	43156.72879
57.5453	43138.30639
57.5253	43528.91682
57.5053	43835.2962
57.4853	43654.09867
57.4653	43291.4258
57.4453	43949.8299
57.4253	44421.11931
57.4053	43938.43831
57.3853	43555.13308
57.3653	43873.9699
57.3453	44400.05588
57.3253	44668.99831
57.3053	43834.68294
57.2853	42931.86704
57.2653	42606.29634
57.2453	42589.49261
57.2253	42279.41187
57.2053	41855.71521
57.1853	42563.60469
57.1653	42994.3898
57.1453	43810.8485
57.1253	44275.62117
57.1053	44450.36404
57.0853	44269.31206
57.0653	43895.71147
57.0453	43685.03809
57.0253	43286.77859
57.0053	42966.65618
56.9853	42949.64144
56.9653	43188.12912
56.9453	43117.07762
56.9253	42793.17529
56.9053	42594.9563
56.8853	43124.53177
56.8653	43391.43504
56.8453	43127.4811
56.8253	42782.40256
56.8053	42836.19678
56.7853	44113.11468
56.7653	44327.92967
56.7453	43346.24128
56.7253	42115.33669
56.7053	41809.31843
56.6853	42667.67378
56.6653	43111.02502
56.6453	43349.18727
56.6253	43854.96264
56.6053	43975.24618
56.5853	43244.08982
56.5653	42743.41837
56.5453	42651.50282
56.5253	43054.45222
56.5053	43280.61023
56.4853	43170.16947
56.4653	42800.91939
56.4453	42235.93115
56.4253	42255.10432
56.4053	42797.47164
56.3853	42764.6639
56.3653	42434.94562
56.3453	42193.28754
56.3253	42026.1806
56.3053	42649.83491
56.2853	43236.46329
56.2653	42976.29968
56.2453	43102.65259
56.2253	43377.06834
56.2053	43135.15742
56.1853	42454.43606
56.1653	42077.56835
56.1453	41701.3332
56.1253	41277.65287
56.1053	42001.27186
56.0853	42740.12891
56.0653	43138.76627
56.0453	42807.76417
56.0253	42265.07895
56.0053	41808.03056
55.9853	42049.75473
55.9653	42548.50211
55.9453	43432.87009
55.9253	43450.19458
55.9053	43386.73249
55.8853	43432.56538
55.8653	42659.00089
55.8453	41752.04192
55.8253	40954.63381
55.8053	40763.58603
55.7853	40668.90647
55.7653	40764.03383
55.7453	40969.97651
55.7253	41673.9238
55.7053	42376.07455
55.6853	41917.06975
55.6653	41496.61539
55.6453	41765.75189
55.6253	42299.01703
55.6053	42088.99089
55.5853	42270.70554
55.5653	42166.38388
55.5453	42433.94829
55.5253	43534.32193
55.5053	44239.85107
55.4853	43727.41227
55.4653	43227.28968
55.4453	43329.16318
55.4253	44064.91388
55.4053	43647.82888
55.3853	43298.83172
55.3653	43095.074
55.3453	42330.44893
55.3253	42032.99366
55.3053	42469.69891
55.2853	43108.5768
55.2653	42689.01826
55.2453	42512.75719
55.2253	42782.96783
55.2053	43065.21908
55.1853	43599.29849
55.1653	43122.82405
55.1453	42594.39229
55.1253	43513.41606
55.1053	44093.83791
55.0853	43490.13194
55.0653	43247.65491
55.0453	43463.78044
55.0253	43557.56599
55.0053	43192.3263
54.9853	43525.81898
54.9653	43861.80314
54.9453	43459.91527
54.9253	43796.39689
54.9053	44242.67083
54.8853	44377.75242
54.8653	43705.81857
54.8453	43149.67179
54.8253	43413.00063
54.8053	43747.55547
54.7853	43989.47288
54.7653	44406.23332
54.7453	44068.40215
54.7253	43224.45895
54.7053	43324.75506
54.6853	43894.49828
54.6653	44274.39103
54.6453	43789.56496
54.6253	44215.31683
54.6053	45086.66697
54.5853	44910.11964
54.5653	44970.80529
54.5453	45408.94896
54.5253	44972.67885
54.5053	44734.79205
54.4853	44657.50583
54.4653	44278.79447
54.4453	43943.43595
54.4253	44051.47981
54.4053	43913.73157
54.3853	44078.36858
54.3653	44456.71012
54.3453	44914.52519
54.3253	45414.90287
54.3053	45151.56008
54.2853	44657.80911
54.2653	44028.55206
54.2453	44394.24906
54.2253	45355.97183
54.2053	45668.91247
54.1853	44984.32896
54.1653	44383.57289
54.1453	44386.74905
54.1253	44894.73573
54.1053	45914.11541
54.0853	46396.75315
54.0653	46021.75952
54.0453	45478.38795
54.0253	45783.29963
54.0053	45849.83639
53.9853	45773.77981
53.9653	45556.18644
53.9453	45512.22911
53.9253	46406.1548
53.9053	47336.16938
53.8853	47042.70152
53.8653	46810.44237
53.8453	46747.83045
53.8253	46751.81069
53.8053	46793.92608
53.7853	47005.02169
53.7653	46957.72878
53.7453	46629.07257
53.7253	46547.31151
53.7053	46755.9418
53.6853	47607.90509
53.6653	47537.47049
53.6453	47409.95049
53.6253	47543.58995
53.6053	47324.13679
53.5853	47951.73109
53.5653	48998.90465
53.5453	48927.34335
53.5253	48312.22774
53.5053	48043.80486
53.4853	47510.44225
53.4653	46828.25752
53.4453	46962.27011
53.4253	47283.43226
53.4053	47751.99045
53.3853	47653.2961
53.3653	48147.02297
53.3453	48783.90348
53.3253	49313.39156
53.3053	48640.76121
53.2853	48670.43288
53.2653	48724.43731
53.2453	48276.58904
53.2253	48542.76287
53.2053	48573.61909
53.1853	48026.94497
53.1653	48425.59259
53.1453	49533.16436
53.1253	49663.72006
53.1053	48990.64398
53.0853	48967.97013
53.0653	48640.79578
53.0453	48421.00745
53.0253	48311.64953
53.0053	48640.53327
52.9853	49891.97287
52.9653	50100.58458
52.9453	49496.52718
52.9253	49399.36277
52.9053	50014.99581
52.8853	50792.47181
52.8653	50620.2168
52.8453	50270.92262
52.8253	49940.27126
52.8053	49884.2054
52.7853	49497.52141
52.7653	49153.93935
52.7453	49598.9359
52.7253	49665.54857
52.7053	49762.83236
52.6853	49814.923
52.6653	50045.88731
52.6453	50535.14183
52.6253	51049.47238
52.6053	50910.1339
52.5853	50814.39128
52.5653	51044.23059
52.5453	51051.98727
52.5253	51091.7887
52.5053	50607.56752
52.4853	50871.20141
52.4653	51495.19851
52.4453	51219.73429
52.4253	50786.22699
52.4053	50889.00037
52.3853	51759.32803
52.3653	53012.72363
52.3453	53477.53816
52.3253	52976.25862
52.3053	53364.49872
52.2853	54215.14992
52.2653	54182.18491
52.2453	53922.54659
52.2253	53752.92385
52.2053	54151.53195
52.1853	54233.20313
52.1653	53722.78154
52.1453	53346.44924
52.1253	53286.94709
52.1053	53783.89704
52.0853	54032.3254
52.0653	54833.00146
52.0453	55038.48574
52.0253	54859.75746
52.0053	54972.38023
51.9853	54917.66186
51.9653	54892.97654
51.9453	55540.52623
51.9253	56340.76051
51.9053	56517.99248
51.8853	56329.57081
51.8653	56657.98851
51.8453	57466.99842
51.8253	57542.31076
51.8053	57224.38123
51.7853	57589.161
51.7653	58275.42266
51.7453	58647.6788
51.7253	58523.53417
51.7053	58642.43395
51.6853	59427.61559
51.6653	59839.91752
51.6453	59526.00085
51.6253	59039.29334
51.6053	59529.20143
51.5853	60239.68227
51.5653	60878.51365
51.5453	60824.06638
51.5253	61216.21059
51.5053	62044.73038
51.4853	63109.84893
51.4653	63948.29836
51.4453	64536.53521
51.4253	65290.02336
51.4053	65672.75053
51.3853	65175.37262
51.3653	64382.26869
51.3453	63905.16448
51.3253	64596.63198
51.3053	65948.33557
51.2853	66439.98626
51.2653	66171.75975
51.2453	65907.18044
51.2253	65756.97037
51.2053	66540.62321
51.1853	68083.04934
51.1653	69108.03773
51.1453	69234.31127
51.1253	68525.4042
51.1053	68052.416
51.0853	68739.20403
51.0653	68960.52269
51.0453	69191.77854
51.0253	70604.43175
51.0053	72031.58178
50.9853	73414.62915
50.9653	73854.36125
50.9453	73708.32026
50.9253	73269.69819
50.9053	73430.62804
50.8853	74267.19309
50.8653	75198.92689
50.8453	76169.88149
50.8253	76327.68676
50.8053	76264.94455
50.7853	76325.00411
50.7653	77115.2546
50.7453	77038.90648
50.7253	77245.44959
50.7053	78260.91346
50.6853	79510.2018
50.6653	80200.24276
50.6453	80208.44693
50.6253	81132.45413
50.6053	82176.09871
50.5853	82726.02442
50.5653	83020.47884
50.5453	83364.3709
50.5253	83687.00881
50.5053	83917.53064
50.4853	84872.3538
50.4653	85329.39332
50.4453	86347.55833
50.4253	88112.55688
50.4053	89527.54026
50.3853	89334.98298
50.3653	88988.11779
50.3453	89616.23258
50.3253	90451.6341
50.3053	90459.40214
50.2853	91246.86398
50.2653	92284.71278
50.2453	93229.77482
50.2253	94383.51422
50.2053	95612.29589
50.1853	96295.47823
50.1653	96877.50454
50.1453	97313.97761
50.1253	97487.07222
50.1053	98978.17682
50.0853	100802.8899
50.0653	102379.1565
50.0453	102758.4992
50.0253	101941.086
50.0053	102111.5068
49.9853	103262.9452
49.9653	104786.4571
49.9453	106599.9599
49.9253	106340.4464
49.9053	105787.4564
49.8853	105829.4419
49.8653	106021.3305
49.8453	106617.9899
49.8253	108250.1088
49.8053	108867.5207
49.7853	109035.583
49.7653	109046.9115
49.7453	108929.6354
49.7253	110078.2631
49.7053	110612.927
49.6853	111014.0351
49.6653	111574.4402
49.6453	112000.2829
49.6253	112050.4482
49.6053	112558.6141
49.5853	113308.4981
49.5653	113635.4342
49.5453	113400.5672
49.5253	113487.4357
49.5053	114143.7495
49.4853	114988.6312
49.4653	115659.9276
49.4453	116858.062
49.4253	116780.8068
49.4053	116844.0794
49.3853	117968.931
49.3653	117618.8162
49.3453	116912.8744
49.3253	117837.4464
49.3053	118989.2061
49.2853	118665.15
49.2653	118560.4745
49.2453	119865.0715
49.2253	120838.1623
49.2053	121001.3689
49.1853	120420.071
49.1653	120314.796
49.1453	119750.1013
49.1253	119248.867
49.1053	119327.2377
49.0853	119613.2742
49.0653	120213.0347
49.0453	120477.414
49.0253	121025.1766
49.0053	120755.3372
48.9853	120252.0972
48.9653	120941.6827
48.9453	122095.7684
48.9253	122637.3016
48.9053	123121.7571
48.8853	122265.6993
48.8653	121873.9841
48.8453	121967.3576
48.8253	122020.2459
48.8053	122505.674
48.7853	123045.5367
48.7653	123367.9271
48.7453	123613.7796
48.7253	123922.4051
48.7053	123670.1513
48.6853	122626.2631
48.6653	122152.0946
48.6453	122927.5524
48.6253	124240.1936
48.6053	123918.7968
48.5853	123130.3214
48.5653	122569.8947
48.5453	121668.7495
48.5253	121644.9231
48.5053	121826.9657
48.4853	121500.7857
48.4653	120700.8245
48.4453	120443.531
48.4253	121025.3803
48.4053	122186.405
48.3853	121569.6834
48.3653	120542.9717
48.3453	119720.2601
48.3253	118554.2386
48.3053	117392.6957
48.2853	116614.163
48.2653	115363.4449
48.2453	113542.3404
48.2253	112143.6943
48.2053	112050.2076
48.1853	110810.2773
48.1653	108624.8888
48.1453	107327.435
48.1253	105290.5852
48.1053	102878.0287
48.0853	102130.5824
48.0653	101652.928
48.0453	100791.0537
48.0253	99516.17114
48.0053	96669.32135
47.9853	93161.432
47.9653	91169.86999
47.9453	90095.94214
47.9253	89198.58231
47.9053	87988.85264
47.8853	86294.04324
47.8653	83920.70531
47.8453	82272.99219
47.8253	80981.04935
47.8053	80334.62036
47.7853	79398.96958
47.7653	76156.2145
47.7453	73340.20279
47.7253	70897.28565
47.7053	69667.74928
47.6853	69326.71505
47.6653	67896.89962
47.6453	65880.28059
47.6253	63151.26398
47.6053	61162.61407
47.5853	60366.65202
47.5653	59387.87001
47.5453	57774.47846
47.5253	56578.09001
47.5053	55267.94296
47.4853	53686.34851
47.4653	51755.56203
47.4453	50206.36242
47.4253	49021.95518
47.4053	48287.0625
47.3853	47368.18795
47.3653	46076.96821
47.3453	44314.13148
47.3253	42973.56716
47.3053	42032.08179
47.2853	41533.53781
47.2653	40923.37413
47.2453	40094.7676
47.2253	39595.71183
47.2053	38483.61288
47.1853	37192.64595
47.1653	36191.5183
47.1453	35197.09364
47.1253	34251.0816
47.1053	33977.03052
47.0853	34191.53638
47.0653	34252.78053
47.0453	33657.46819
47.0253	32876.09894
47.0053	32680.15206
46.9853	32430.48461
46.9653	31724.91228
46.9453	31488.53753
46.9253	31911.97032
46.9053	31331.09999
46.8853	30549.00581
46.8653	30236.38106
46.8453	29808.53644
46.8253	29408.2113
46.8053	28897.30143
46.7853	28516.57182
46.7653	27803.59514
46.7453	27299.16586
46.7253	26974.03075
46.7053	26808.90937
46.6853	26822.7518
46.6653	26830.52433
46.6453	26797.73056
46.6253	26986.78946
46.6053	27255.31083
46.5853	27260.40628
46.5653	26697.20375
46.5453	26523.71271
46.5253	25994.02406
46.5053	25289.85201
46.4853	25183.8997
46.4653	25292.20543
46.4453	25364.05678
46.4253	25159.53498
46.4053	25214.04398
46.3853	24616.29024
46.3653	23948.63705
46.3453	24029.40232
46.3253	24745.86987
46.3053	24785.20143
46.2853	24500.02237
46.2653	24260.03251
46.2453	24058.15903
46.2253	23898.93901
46.2053	23817.8406
46.1853	24104.72353
46.1653	24192.95363
46.1453	23962.75063
46.1253	23971.85628
46.1053	23903.36644
46.0853	24105.74335
46.0653	23898.02588
46.0453	23284.67642
46.0253	22793.90781
46.0053	23032.54152
45.9853	23612.63556
45.9653	24505.04728
45.9453	24385.18339
45.9253	23783.13331
45.9053	23280.88563
45.8853	23073.72878
45.8653	23001.29948
45.8453	22847.71521
45.8253	22805.37494
45.8053	22878.77008
45.7853	22969.22188
45.7653	23267.61976
45.7453	23598.94767
45.7253	23444.29882
45.7053	23126.22592
45.6853	22754.61925
45.6653	22432.12376
45.6453	22811.25535
45.6253	22808.03651
45.6053	22853.56508
45.5853	23219.66952
45.5653	23374.85999
45.5453	22895.77075
45.5253	22768.83151
45.5053	22727.528
45.4853	22606.38807
45.4653	22517.03364
45.4453	22763.79396
45.4253	22973.02802
45.4053	22835.00087
45.3853	23133.97018
45.3653	23267.9185
45.3453	22944.15449
45.3253	22478.19146
45.3053	22113.99911
45.2853	22070.00403
45.2653	21877.78218
45.2453	21769.20111
45.2253	21625.35606
45.2053	21665.76583
45.1853	21682.58252
45.1653	21529.83401
45.1453	21307.55777
45.1253	21006.64595
45.1053	21304.66624
45.0853	21701.65326
45.0653	22150.24345
45.0453	22043.52117
45.0253	21906.7606
45.0053	22219.07901
44.9853	22133.3933
44.9653	21605.02578
44.9453	21761.22344
44.9253	22253.46817
44.9053	22458.50887
44.8853	22307.74663
44.8653	22021.98129
44.8453	21677.29527
44.8253	21298.1078
44.8053	21467.6992
44.7853	21710.31399
44.7653	21704.00321
44.7453	21504.26103
44.7253	21319.05162
44.7053	21300.5256
44.6853	21520.34217
44.6653	21428.3119
44.6453	21473.91935
44.6253	21634.9888
44.6053	21241.9882
44.5853	20970.83407
44.5653	21296.28198
44.5453	21778.94624
44.5253	21779.18225
44.5053	21672.70187
44.4853	21806.72795
44.4653	21126.85063
44.4453	20682.50639
44.4253	20753.3938
44.4053	21101.13752
44.3853	21278.79514
44.3653	21525.13504
44.3453	21707.49047
44.3253	21857.23454
44.3053	21972.96577
44.2853	21548.72793
44.2653	21387.83753
44.2453	21323.25453
44.2253	21490.99679
44.2053	21526.64233
44.1853	21571.48006
44.1653	21237.51183
44.1453	21122.73468
44.1253	21599.17169
44.1053	22445.84351
44.0853	22427.55386
44.0653	22219.96362
44.0453	22129.71659
44.0253	21894.343
44.0053	21740.8876
43.9853	21724.8471
43.9653	21921.80647
43.9453	22271.28295
43.9253	21892.36395
43.9053	21354.38415
43.8853	21107.6629
43.8653	21274.59407
43.8453	21367.04392
43.8253	21306.58917
43.8053	21509.65595
43.7853	21423.75237
43.7653	21751.38861
43.7453	21637.72205
43.7253	21124.53095
43.7053	21427.57646
43.6853	21781.29655
43.6653	21819.44135
43.6453	21834.11776
43.6253	21819.95282
43.6053	21633.01072
43.5853	21449.6699
43.5653	21519.46212
43.5453	21864.79703
43.5253	22155.45931
43.5053	22325.01349
43.4853	22196.22111
43.4653	22147.22757
43.4453	22243.16048
43.4253	22314.92344
43.4053	22186.54576
43.3853	21518.652
43.3653	21551.91499
43.3453	21589.73483
43.3253	21411.02724
43.3053	21532.36184
43.2853	21789.86241
43.2653	22041.91764
43.2453	22088.59605
43.2253	22069.53073
43.2053	22192.9658
43.1853	21914.51651
43.1653	21650.01302
43.1453	21407.18828
43.1253	21321.74007
43.1053	21727.64692
43.0853	22209.49761
43.0653	22085.23497
43.0453	21600.02749
43.0253	21454.03255
43.0053	21423.56
42.9853	21428.5549
42.9653	21808.99542
42.9453	21761.90096
42.9253	21107.08666
42.9053	21302.51406
42.8853	21843.54214
42.8653	22076.23181
42.8453	21801.1808
42.8253	21815.25127
42.8053	21902.70666
42.7853	21914.89312
42.7653	21885.49277
42.7453	22056.28297
42.7253	21858.87775
42.7053	21832.64998
42.6853	22550.07701
42.6653	23127.41215
42.6453	22987.09695
42.6253	22885.86849
42.6053	22766.24107
42.5853	22448.1782
42.5653	22325.92334
42.5453	22021.38783
42.5253	21791.41924
42.5053	22059.40596
42.4853	22624.44205
42.4653	22644.11346
42.4453	22617.26031
42.4253	22615.60175
42.4053	22606.88813
42.3853	22903.64304
42.3653	22909.065
42.3453	22220.46107
42.3253	21739.1886
42.3053	21631.95275
42.2853	21717.14224
42.2653	21937.78301
42.2453	22369.26054
42.2253	22674.27253
42.2053	22817.79739
42.1853	22136.99137
42.1653	21892.08549
42.1453	22169.95371
42.1253	22363.56989
42.1053	22593.24751
42.0853	22659.35115
42.0653	22560.3893
42.0453	22527.05192
42.0253	22730.1311
42.0053	23085.14249
41.9853	23078.51244
41.9653	22954.23297
41.9453	23084.48654
41.9253	23178.84302
41.9053	23075.75649
41.8853	22541.39247
41.8653	22337.02657
41.8453	22353.70578
41.8253	22366.87729
41.8053	22292.80251
41.7853	22242.56936
41.7653	22162.95203
41.7453	22101.76019
41.7253	21944.64586
41.7053	22232.79002
41.6853	22322.15502
41.6653	21912.24515
41.6453	21067.89013
41.6253	20986.98364
41.6053	21284.06783
41.5853	21848.1639
41.5653	21597.09414
41.5453	21166.81552
41.5253	21376.00383
41.5053	21517.30066
41.4853	21418.59856
41.4653	21401.35665
41.4453	21341.46718
41.4253	21382.0413
41.4053	21451.53481
41.3853	21553.81531
41.3653	21434.2058
41.3453	21710.20981
41.3253	21988.55687
41.3053	22418.47585
41.2853	22134.21641
41.2653	21531.60607
41.2453	21669.43731
41.2253	22189.62556
41.2053	21954.43978
41.1853	21905.89677
41.1653	22379.69876
41.1453	22380.03858
41.1253	21975.52687
41.1053	21489.66913
41.0853	21139.99996
41.0653	21198.66011
41.0453	21155.2896
41.0253	21064.22958
41.0053	21062.54779
40.9853	20988.9112
40.9653	21072.99291
40.9453	21110.59666
40.9253	21014.07497
40.9053	21138.5691
40.8853	21336.94719
40.8653	21209.22112
40.8453	20605.57474
40.8253	20638.82768
40.8053	20748.95329
40.7853	20833.78462
40.7653	20764.8777
40.7453	20593.59803
40.7253	20815.00604